180.606810,1275.591964
180.999322,1385.597143
181.391798,1259.208214
181.784238,1310.700000
182.176642,1259.208214
182.569009,1336.445893
182.961341,1416.024107
183.353636,1322.402679
183.745896,1418.364643
184.138119,1268.570357
184.530306,1537.731964
184.922457,1394.959286
185.314571,1441.770000
185.706649,1483.899643
186.098692,1439.429464
186.490697,1324.743214
186.882667,1399.640357
187.274600,1355.170179
187.666497,1341.126964
188.058357,1479.218571
188.450181,1366.872857
188.841969,1451.132143
189.233720,1334.105357
189.625435,1350.489107
190.017113,1416.024107
190.408755,1423.045714
190.800360,1514.326607
191.191929,1406.661964
191.583461,1537.731964
191.974957,1338.786429
192.366416,1373.894464
192.757838,1390.278214
193.149224,1409.002500
193.540574,1376.235000
193.931886,1535.391429
194.323162,1469.856429
194.714402,1528.369821
195.105604,1413.683571
195.496770,1519.007679
195.887899,4603.833750
196.278992,1521.348214
196.670047,1432.407857
197.061066,1469.856429
197.452048,1366.872857
197.842993,1458.153750
198.233901,1387.937679
198.624773,1427.726786
199.015607,1500.283393
199.406405,1453.472679
199.797165,1612.629107
200.187889,1350.489107
200.578576,1348.148571
200.969225,1334.105357
201.359838,1432.407857
201.750414,1373.894464
202.140952,1378.575536
202.531454,1345.808036
202.921918,1378.575536
203.312346,1416.024107
203.702736,1404.321429
204.093089,1434.748393
204.483405,1270.910893
204.873683,1460.494286
205.263925,1472.196964
205.654129,1439.429464
206.044296,1474.537500
206.434426,1467.515893
206.824518,1441.770000
207.214574,1320.062143
207.604591,1493.261786
207.994572,1366.872857
208.384515,1453.472679
208.774421,1540.072500
209.164289,1373.894464
209.554120,1453.472679
209.943914,1409.002500
210.333670,1411.343036
210.723389,1401.980893
211.113070,1401.980893
211.502713,1411.343036
211.892319,1474.537500
212.281888,1392.618750
212.671419,1448.791607
213.060912,1376.235000
213.450368,1399.640357
213.839786,1310.700000
214.229167,1345.808036
214.618509,1467.515893
215.007815,1315.381071
215.397082,1345.808036
215.786312,1504.964464
216.175504,1397.299821
216.564658,1409.002500
216.953774,1446.451071
217.342853,1479.218571
217.731894,1472.196964
218.120897,1406.661964
218.509862,1334.105357
218.898789,1392.618750
219.287678,1509.645536
219.676530,1409.002500
220.065343,1387.937679
220.454119,1306.018929
220.842857,1364.532321
221.231556,1434.748393
221.620218,1479.218571
222.008841,1416.024107
222.397427,1380.916071
222.785974,1528.369821
223.174484,1406.661964
223.562955,1369.213393
223.951388,1334.105357
224.339783,1308.359464
224.728140,1373.894464
225.116458,1420.705179
225.504739,1500.283393
225.892981,1387.937679
226.281185,1451.132143
226.669351,1514.326607
227.057478,1542.413036
227.445567,1298.997321
227.833618,1329.424286
228.221631,1387.937679
228.609605,1383.256607
228.997541,1338.786429
229.385438,1366.872857
229.773297,1387.937679
230.161117,1511.986071
230.548900,1401.980893
230.936643,1327.083750
231.324348,1439.429464
231.712015,1427.726786
232.099643,1474.537500
232.487233,1385.597143
232.874783,1458.153750
233.262296,1359.851250
233.649770,1371.553929
234.037205,1465.175357
234.424601,1406.661964
234.811959,1509.645536
235.199278,1275.591964
235.586559,1387.937679
235.973801,1469.856429
236.361004,1537.731964
236.748168,1392.618750
237.135293,1420.705179
237.522380,1446.451071
237.909428,1352.829643
238.296437,1394.959286
238.683407,1416.024107
239.070339,1497.942857
239.457231,1425.386250
239.844085,1469.856429
240.230899,1495.602321
240.617675,1423.045714
241.004412,1298.997321
241.391109,1355.170179
241.777768,1448.791607
242.164388,1270.910893
242.550968,1411.343036
242.937510,1549.434643
243.324012,1324.743214
243.710476,1364.532321
244.096900,1479.218571
244.483285,1406.661964
244.869631,1327.083750
245.255938,1479.218571
245.642206,1364.532321
246.028434,1413.683571
246.414623,1441.770000
246.800773,1411.343036
247.186884,1434.748393
247.572955,1392.618750
247.958987,1380.916071
248.344980,1409.002500
248.730933,1355.170179
249.116847,1607.948036
249.502721,1495.602321
249.888557,1446.451071
250.274352,1486.240179
250.660109,1416.024107
251.045825,1331.764821
251.431503,1451.132143
251.817141,1317.721607
252.202739,1406.661964
252.588298,1380.916071
252.973817,1406.661964
253.359297,1404.321429
253.744737,1437.088929
254.130137,1469.856429
254.515498,1437.088929
254.900819,1390.278214
255.286100,1364.532321
255.671342,1371.553929
256.056544,1341.126964
256.441706,1303.678393
256.826829,1383.256607
257.211912,1451.132143
257.596955,1423.045714
257.981958,1338.786429
258.366921,1355.170179
258.751845,1596.245357
259.136728,1401.980893
259.521572,1458.153750
259.906376,1441.770000
260.291140,1434.748393
260.675864,1413.683571
261.060548,1439.429464
261.445192,1359.851250
261.829796,1411.343036
262.214360,1329.424286
262.598884,1448.791607
262.983368,1331.764821
263.367812,1357.510714
263.752215,1289.635179
264.136579,1298.997321
264.520903,1502.623929
264.905186,1376.235000
265.289429,1455.813214
265.673632,1462.834821
266.057795,1460.494286
266.441917,1392.618750
266.825999,1390.278214
267.210041,1476.878036
267.594043,1533.050893
267.978005,1329.424286
268.361926,1462.834821
268.745806,1420.705179
269.129647,1495.602321
269.513447,1383.256607
269.897206,1430.067321
270.280925,1404.321429
270.664604,1385.597143
271.048242,1462.834821
271.431840,1383.256607
271.815397,1409.002500
272.198914,1481.559107
272.582390,1392.618750
272.965826,1394.959286
273.349221,1322.402679
273.732576,1481.559107
274.115890,1441.770000
274.499163,1357.510714
274.882395,1277.932500
275.265587,1362.191786
275.648739,1488.580714
276.031849,1434.748393
276.414919,1441.770000
276.797948,1390.278214
277.180936,1458.153750
277.563884,1371.553929
277.946790,1453.472679
278.329656,1355.170179
278.712481,1392.618750
279.095265,1399.640357
279.478009,1432.407857
279.860711,1430.067321
280.243372,1441.770000
280.625993,1694.547857
281.008572,1348.148571
281.391111,1542.413036
281.773609,1416.024107
282.156065,1556.456250
282.538481,1404.321429
282.920855,1385.597143
283.303188,1404.321429
283.685481,1467.515893
284.067732,1362.191786
284.449942,1425.386250
284.832111,1296.656786
285.214239,1348.148571
285.596325,1469.856429
285.978370,1430.067321
286.360375,1341.126964
286.742337,1420.705179
287.124259,1399.640357
287.506139,1298.997321
287.887978,1331.764821
288.269776,1385.597143
288.651532,1284.954107
289.033247,1355.170179
289.414921,1453.472679
289.796553,1366.872857
290.178144,1504.964464
290.559693,1474.537500
290.941201,1430.067321
291.322668,1437.088929
291.704092,1277.932500
292.085476,1373.894464
292.466818,1364.532321
292.848118,1378.575536
293.229377,1371.553929
293.610594,1500.283393
293.991769,1355.170179
294.372903,1409.002500
294.753996,1399.640357
295.135046,1399.640357
295.516055,1474.537500
295.897022,1427.726786
296.277948,1514.326607
296.658832,1474.537500
297.039674,1345.808036
297.420474,1338.786429
297.801232,1298.997321
298.181949,1390.278214
298.562623,1357.510714
298.943256,1441.770000
299.323847,1486.240179
299.704396,1483.899643
300.084904,1533.050893
300.465369,1387.937679
300.845792,1380.916071
301.226173,1406.661964
301.606513,1348.148571
301.986810,1399.640357
302.367065,1425.386250
302.747278,1366.872857
303.127450,1600.926429
303.507579,1284.954107
303.887666,1355.170179
304.267710,1317.721607
304.647713,1373.894464
305.027674,1448.791607
305.407592,1392.618750
305.787468,1462.834821
306.167302,1453.472679
306.547094,1348.148571
306.926843,1397.299821
307.306550,1509.645536
307.686215,1341.126964
308.065838,1376.235000
308.445418,1343.467500
308.824956,1437.088929
309.204451,1364.532321
309.583904,1345.808036
309.963315,1383.256607
310.342683,1439.429464
310.722009,1348.148571
311.101292,1369.213393
311.480533,1348.148571
311.859731,1348.148571
312.238887,1348.148571
312.618000,1359.851250
312.997070,1416.024107
313.376098,1416.024107
313.755084,1334.105357
314.134027,1334.105357
314.512927,1373.894464
314.891784,1364.532321
315.270599,1298.997321
315.649371,1404.321429
316.028101,1570.499464
316.406787,1394.959286
316.785431,1366.872857
317.164032,1291.975714
317.542590,1317.721607
317.921106,1493.261786
318.299579,1446.451071
318.678008,1364.532321
319.056395,1366.872857
319.434739,1357.510714
319.813040,1544.753571
320.191299,1416.024107
320.569514,1352.829643
320.947686,1352.829643
321.325815,1423.045714
321.703902,1476.878036
322.081945,1411.343036
322.459945,1430.067321
322.837902,1516.667143
323.215816,1486.240179
323.593687,1394.959286
323.971515,1345.808036
324.349300,1345.808036
324.727041,1547.094107
325.104740,1416.024107
325.482395,1406.661964
325.860007,1366.872857
326.237575,1399.640357
326.615101,1362.191786
326.992583,1331.764821
327.370022,1423.045714
327.747417,1380.916071
328.124769,1394.959286
328.502078,1373.894464
328.879344,1338.786429
329.256566,1329.424286
329.633745,1327.083750
330.010880,1320.062143
330.387972,1638.375000
330.765020,1355.170179
331.142025,1399.640357
331.518986,1371.553929
331.895904,1378.575536
332.272778,1458.153750
332.649609,1383.256607
333.026396,1432.407857
333.403140,1364.532321
333.779839,1416.024107
334.156496,1352.829643
334.533108,1345.808036
334.909677,1416.024107
335.286202,1317.721607
335.662684,1385.597143
336.039122,1385.597143
336.415516,1458.153750
336.791866,1549.434643
337.168172,1448.791607
337.544435,1493.261786
337.920654,1423.045714
338.296829,1401.980893
338.672960,1399.640357
339.049047,1458.153750
339.425090,1462.834821
339.801090,1434.748393
340.177045,1420.705179
340.552956,1394.959286
340.928824,1387.937679
341.304647,1432.407857
341.680427,1322.402679
342.056162,1434.748393
342.431853,1434.748393
342.807501,1334.105357
343.183104,1383.256607
343.558663,1521.348214
343.934178,1446.451071
344.309648,1348.148571
344.685075,1511.986071
345.060457,1390.278214
345.435795,1366.872857
345.811089,1345.808036
346.186339,1547.094107
346.561544,1444.110536
346.936705,1350.489107
347.311822,1460.494286
347.686895,1364.532321
348.061923,1376.235000
348.436907,1329.424286
348.811846,1401.980893
349.186741,1324.743214
349.561591,1504.964464
349.936397,1306.018929
350.311159,1530.710357
350.685876,1392.618750
351.060549,1385.597143
351.435177,1404.321429
351.809760,1378.575536
352.184299,1418.364643
352.558794,1238.143393
352.933244,1324.743214
353.307649,1336.445893
353.682009,1366.872857
354.056325,1416.024107
354.430597,1387.937679
354.804823,1341.126964
355.179005,1301.337857
355.553142,1472.196964
355.927234,1612.629107
356.301282,1430.067321
356.675285,1355.170179
357.049243,1291.975714
357.423156,1423.045714
357.797024,1462.834821
358.170848,1486.240179
358.544626,1439.429464
358.918360,1399.640357
359.292048,1383.256607
359.665692,1289.635179
360.039291,1359.851250
360.412845,1497.942857
360.786354,1488.580714
361.159818,1418.364643
361.533236,1490.921250
361.906610,1425.386250
362.279939,1338.786429
362.653222,1432.407857
363.026461,1338.786429
363.399654,1371.553929
363.772802,1469.856429
364.145905,1334.105357
364.518963,1373.894464
364.891975,1479.218571
365.264943,1448.791607
365.637865,1465.175357
366.010742,1418.364643
366.383573,1329.424286
366.756359,1441.770000
367.129100,1376.235000
367.501796,1385.597143
367.874446,1390.278214
368.247051,1371.553929
368.619610,1399.640357
368.992124,1411.343036
369.364593,1486.240179
369.737016,1458.153750
370.109394,1291.975714
370.481726,1376.235000
370.854012,1366.872857
371.226253,1364.532321
371.598449,1289.635179
371.970599,1322.402679
372.342703,1380.916071
372.714762,1394.959286
373.086775,1345.808036
373.458742,1385.597143
373.830664,1425.386250
374.202540,1565.818393
374.574371,1409.002500
374.946155,1383.256607
375.317894,1469.856429
375.689587,1383.256607
376.061235,1418.364643
376.432836,1338.786429
376.804392,1380.916071
377.175902,1373.894464
377.547366,1451.132143
377.918784,1387.937679
378.290156,1383.256607
378.661482,1313.040536
379.032763,1355.170179
379.403997,1413.683571
379.775186,1341.126964
380.146328,1355.170179
380.517424,1460.494286
380.888475,1320.062143
381.259479,1336.445893
381.630437,1357.510714
382.001350,1336.445893
382.372216,1284.954107
382.743036,1378.575536
383.113809,1425.386250
383.484537,1364.532321
383.855218,1357.510714
384.225854,1343.467500
384.596443,1533.050893
384.966985,1315.381071
385.337482,1380.916071
385.707932,1320.062143
386.078336,1348.148571
386.448693,1397.299821
386.819005,1390.278214
387.189270,1387.937679
387.559488,1514.326607
387.929660,1448.791607
388.299786,1345.808036
388.669865,1418.364643
389.039898,1547.094107
389.409884,1406.661964
389.779824,1432.407857
390.149717,1427.726786
390.519564,1301.337857
390.889364,1406.661964
391.259118,1306.018929
391.628825,1350.489107
391.998485,1387.937679
392.368099,1437.088929
392.737666,1390.278214
393.107187,1474.537500
393.476661,1458.153750
393.846088,1394.959286
394.215468,1352.829643
394.584802,1504.964464
394.954089,1329.424286
395.323329,1338.786429
395.692522,1420.705179
396.061669,1577.521071
396.430768,1406.661964
396.799821,1387.937679
397.168827,1462.834821
397.537786,1509.645536
397.906698,1509.645536
398.275563,1350.489107
398.644382,1364.532321
399.013153,1390.278214
399.381877,1409.002500
399.750554,1357.510714
400.119184,1324.743214
400.487768,1378.575536
400.856304,1378.575536
401.224793,1364.532321
401.593235,1313.040536
401.961629,1380.916071
402.329977,1378.575536
402.698277,1343.467500
403.066531,1469.856429
403.434737,1366.872857
403.802896,1394.959286
404.171007,1324.743214
404.539072,1343.467500
404.907089,1350.489107
405.275058,1373.894464
405.642981,1416.024107
406.010856,1378.575536
406.378684,1394.959286
406.746464,1413.683571
407.114197,1343.467500
407.481883,1282.613571
407.849521,1451.132143
408.217112,1439.429464
408.584655,1441.770000
408.952151,1348.148571
409.319599,1425.386250
409.686999,1409.002500
410.054353,1369.213393
410.421658,1320.062143
410.788916,1519.007679
411.156127,1322.402679
411.523289,1306.018929
411.890404,1331.764821
412.257472,1413.683571
412.624492,1397.299821
412.991464,1430.067321
413.358388,1364.532321
413.725265,1561.137321
414.092094,1317.721607
414.458875,1266.229821
414.825608,1460.494286
415.192294,1401.980893
415.558931,1441.770000
415.925521,1343.467500
416.292063,1387.937679
416.658557,1448.791607
417.025003,1385.597143
417.391401,1430.067321
417.757751,1591.564286
418.124054,1362.191786
418.490308,1444.110536
418.856514,1420.705179
419.222672,1317.721607
419.588783,1467.515893
419.954845,1336.445893
420.320859,1460.494286
420.686825,1511.986071
421.052743,1327.083750
421.418612,1378.575536
421.784434,1373.894464
422.150207,1486.240179
422.515932,1385.597143
422.881609,1254.527143
423.247238,1434.748393
423.612818,1409.002500
423.978350,1481.559107
424.343834,1401.980893
424.709270,1308.359464
425.074657,1413.683571
425.439996,1423.045714
425.805286,1348.148571
426.170529,1355.170179
426.535722,1500.283393
426.900867,1355.170179
427.265964,1509.645536
427.631013,1486.240179
427.996012,1362.191786
428.360964,1448.791607
428.725867,1460.494286
429.090721,1352.829643
429.455527,1488.580714
429.820284,1455.813214
430.184992,1315.381071
430.549652,1476.878036
430.914264,1411.343036
431.278826,1416.024107
431.643340,1495.602321
432.007805,1380.916071
432.372222,1469.856429
432.736590,1488.580714
433.100909,1521.348214
433.465179,1401.980893
433.829401,1376.235000
434.193573,1479.218571
434.557697,1364.532321
434.921772,1439.429464
435.285798,1507.305000
435.649775,1430.067321
436.013704,1385.597143
436.377583,1376.235000
436.741414,1324.743214
437.105195,1399.640357
437.468928,1373.894464
437.832611,1362.191786
438.196246,1385.597143
438.559831,1373.894464
438.923367,1371.553929
439.286855,1495.602321
439.650293,1458.153750
440.013682,1359.851250
440.377022,1324.743214
440.740313,1565.818393
441.103554,1329.424286
441.466747,1472.196964
441.829890,1465.175357
442.192984,1446.451071
442.556029,1390.278214
442.919024,1399.640357
443.281970,1343.467500
443.644867,1743.699107
444.007715,1320.062143
444.370513,1558.796786
444.733262,1357.510714
445.095961,1455.813214
445.458611,1373.894464
445.821212,1406.661964
446.183763,1404.321429
446.546265,1420.705179
446.908717,1324.743214
447.271119,1394.959286
447.633473,1280.273036
447.995776,1336.445893
448.358030,1404.321429
448.720235,1427.726786
449.082390,1390.278214
449.444495,1355.170179
449.806551,1343.467500
450.168557,1341.126964
450.530513,1366.872857
450.892420,1472.196964
451.254277,1460.494286
451.616084,1385.597143
451.977841,1350.489107
452.339549,1397.299821
452.701207,1467.515893
453.062815,1397.299821
453.424373,1341.126964
453.785882,1394.959286
454.147340,1413.683571
454.508749,1313.040536
454.870108,1404.321429
455.231416,1446.451071
455.592675,1504.964464
455.953884,1331.764821
456.315043,1277.932500
456.676152,1434.748393
457.037211,1441.770000
457.398220,1313.040536
457.759179,1493.261786
458.120088,1418.364643
458.480946,1329.424286
458.841755,1331.764821
459.202513,1392.618750
459.563222,1437.088929
459.923880,1413.683571
460.284488,1366.872857
460.645045,1476.878036
461.005553,1376.235000
461.366010,1268.570357
461.726417,1378.575536
462.086774,1359.851250
462.447080,1376.235000
462.807336,1359.851250
463.167542,1380.916071
463.527697,1350.489107
463.887802,1392.618750
464.247857,1383.256607
464.607861,1380.916071
464.967814,1310.700000
465.327718,1373.894464
465.687570,1345.808036
466.047373,1352.829643
466.407124,1362.191786
466.766826,1369.213393
467.126476,1460.494286
467.486076,1448.791607
467.845626,1556.456250
468.205125,1350.489107
468.564573,1472.196964
468.923971,1413.683571
469.283317,1357.510714
469.642614,1416.024107
470.001859,1380.916071
470.361054,1521.348214
470.720198,1348.148571
471.079291,1373.894464
471.438334,1378.575536
471.797326,1380.916071
472.156266,1401.980893
472.515156,1336.445893
472.873996,1355.170179
473.232784,1409.002500
473.591521,1603.266964
473.950208,1364.532321
474.308843,1413.683571
474.667428,1350.489107
475.025962,1334.105357
475.384444,1376.235000
475.742876,1544.753571
476.101256,1425.386250
476.459586,1596.245357
476.817864,1371.553929
477.176092,1366.872857
477.534268,1451.132143
477.892393,1359.851250
478.250467,1327.083750
478.608490,1406.661964
478.966461,1399.640357
479.324382,1359.851250
479.682251,1329.424286
480.040069,1479.218571
480.397836,1495.602321
480.755551,1411.343036
481.113215,1409.002500
481.470828,1568.158929
481.828389,1469.856429
482.185899,1497.942857
482.543358,1458.153750
482.900765,1359.851250
483.258121,1495.602321
483.615426,1355.170179
483.972679,1460.494286
484.329880,1324.743214
484.687030,1453.472679
485.044129,1378.575536
485.401176,1385.597143
485.758171,1427.726786
486.115115,1362.191786
486.472007,1446.451071
486.828848,1301.337857
487.185637,1313.040536
487.542374,1301.337857
487.899060,1416.024107
488.255694,1392.618750
488.612277,1343.467500
488.968807,1399.640357
489.325286,1453.472679
489.681713,1397.299821
490.038089,1401.980893
490.394412,1425.386250
490.750684,1313.040536
491.106904,1392.618750
491.463072,1493.261786
491.819188,1444.110536
492.175252,1397.299821
492.531264,1666.461429
492.887225,1427.726786
493.243133,1373.894464
493.598990,1306.018929
493.954794,1409.002500
494.310547,1430.067321
494.666247,1380.916071
495.021896,1369.213393
495.377492,1383.256607
495.733036,1458.153750
496.088528,1420.705179
496.443968,1289.635179
496.799356,1490.921250
497.154692,1427.726786
497.509975,1298.997321
497.865207,1378.575536
498.220386,1453.472679
498.575513,1460.494286
498.930587,1376.235000
499.285610,1289.635179
499.640580,1397.299821
499.995497,1331.764821
500.350363,1373.894464
500.705176,1521.348214
501.059937,1420.705179
501.414645,1495.602321
501.769301,1331.764821
502.123904,1448.791607
502.478455,1423.045714
502.832954,1366.872857
503.187400,1455.813214
503.541793,1537.731964
503.896134,1345.808036
504.250422,1366.872857
504.604658,1378.575536
504.958842,1397.299821
505.312972,1465.175357
505.667050,1523.688750
506.021076,1366.872857
506.375048,1343.467500
506.728969,1362.191786
507.082836,1387.937679
507.436651,1474.537500
507.790412,1387.937679
508.144122,1423.045714
508.497778,1350.489107
508.851382,1376.235000
509.204932,1481.559107
509.558430,1383.256607
509.911875,1303.678393
510.265268,1336.445893
510.618607,1465.175357
510.971893,1413.683571
511.325127,1320.062143
511.678307,1427.726786
512.031435,1736.677500
512.384509,1432.407857
512.737531,1378.575536
513.090500,1399.640357
513.443415,1519.007679
513.796277,1366.872857
514.149087,1385.597143
514.501843,1317.721607
514.854546,1397.299821
515.207196,1577.521071
515.559793,1329.424286
515.912337,1355.170179
516.264827,1441.770000
516.617264,1376.235000
516.969648,1383.256607
517.321979,1476.878036
517.674257,1338.786429
518.026481,1315.381071
518.378652,1413.683571
518.730769,1373.894464
519.082833,1392.618750
519.434844,1434.748393
519.786802,1420.705179
520.138706,1296.656786
520.490556,1519.007679
520.842353,1338.786429
521.194097,1275.591964
521.545787,1254.527143
521.897424,1465.175357
522.249007,1331.764821
522.600537,1444.110536
522.952013,1551.775179
523.303435,1348.148571
523.654804,1383.256607
524.006120,1444.110536
524.357381,1383.256607
524.708589,1420.705179
525.059743,1526.029286
525.410844,1373.894464
525.761891,1453.472679
526.112884,1455.813214
526.463823,1444.110536
526.814709,1409.002500
527.165541,1399.640357
527.516319,1355.170179
527.867043,1287.294643
528.217713,1451.132143
528.568330,1427.726786
528.918893,1404.321429
529.269401,1511.986071
529.619856,1357.510714
529.970257,1394.959286
530.320604,1460.494286
530.670897,1359.851250
531.021135,1488.580714
531.371320,1399.640357
531.721451,1355.170179
532.071528,1516.667143
532.421551,1404.321429
532.771519,1437.088929
533.121434,1385.597143
533.471294,1359.851250
533.821100,1420.705179
534.170852,1371.553929
534.520550,1385.597143
534.870193,1416.024107
535.219783,1362.191786
535.569318,1371.553929
535.918799,1413.683571
536.268225,1317.721607
536.617597,1338.786429
536.966915,1446.451071
537.316179,1509.645536
537.665388,1488.580714
538.014543,1406.661964
538.363643,1434.748393
538.712689,1338.786429
539.061681,1376.235000
539.410618,1404.321429
539.759501,1369.213393
540.108329,1357.510714
540.457102,1336.445893
540.805821,1371.553929
541.154486,1490.921250
541.503096,1366.872857
541.851651,1394.959286
542.200152,1385.597143
542.548598,1507.305000
542.896989,1448.791607
543.245326,1336.445893
543.593608,1472.196964
543.941835,1465.175357
544.290008,1352.829643
544.638126,1383.256607
544.986189,1313.040536
545.334197,1392.618750
545.682151,1610.288571
546.030049,1434.748393
546.377893,1320.062143
546.725682,1432.407857
547.073416,1369.213393
547.421095,1355.170179
547.768720,1736.677500
548.116289,1460.494286
548.463803,1453.472679
548.811263,1416.024107
549.158667,1303.678393
549.506017,1341.126964
549.853311,1310.700000
550.200550,1427.726786
550.547734,1406.661964
550.894863,1474.537500
551.241937,1383.256607
551.588956,1373.894464
551.935920,1385.597143
552.282829,1366.872857
552.629682,1366.872857
552.976480,1392.618750
553.323223,1469.856429
553.669911,1397.299821
554.016543,1385.597143
554.363120,1387.937679
554.709642,1441.770000
555.056108,1446.451071
555.402520,1350.489107
555.748875,1392.618750
556.095176,1331.764821
556.441421,1502.623929
556.787610,1526.029286
557.133745,1420.705179
557.479823,1483.899643
557.825846,1376.235000
558.171814,1373.894464
558.517726,1427.726786
558.863583,1364.532321
559.209384,1341.126964
559.555130,1359.851250
559.900820,1427.726786
560.246454,1366.872857
560.592033,1383.256607
560.937556,1350.489107
561.283023,1331.764821
561.628435,1357.510714
561.973791,1437.088929
562.319091,1509.645536
562.664336,1348.148571
563.009524,1465.175357
563.354657,1432.407857
563.699735,1446.451071
564.044756,1451.132143
564.389721,1472.196964
564.734631,1371.553929
565.079485,1411.343036
565.424283,1455.813214
565.769025,1336.445893
566.113711,1420.705179
566.458341,1394.959286
566.802915,1617.310179
567.147433,1430.067321
567.491895,1385.597143
567.836301,1376.235000
568.180651,1451.132143
568.524945,1376.235000
568.869183,1416.024107
569.213365,1474.537500
569.557490,1359.851250
569.901560,1448.791607
570.245573,1324.743214
570.589530,1462.834821
570.933431,1390.278214
571.277276,1504.964464
571.621064,1387.937679
571.964797,1460.494286
572.308472,1289.635179
572.652092,1364.532321
572.995655,1394.959286
573.339162,1528.369821
573.682613,1399.640357
574.026007,1348.148571
574.369345,1322.402679
574.712626,1437.088929
575.055851,1427.726786
575.399020,1416.024107
575.742132,1502.623929
576.085187,1441.770000
576.428186,1448.791607
576.771129,1343.467500
577.114015,1394.959286
577.456844,1345.808036
577.799617,1523.688750
578.142333,1350.489107
578.484993,1416.024107
578.827596,1432.407857
579.170142,1329.424286
579.512632,1364.532321
579.855064,1303.678393
580.197441,1432.407857
580.539760,1366.872857
580.882023,1460.494286
581.224229,1425.386250
581.566378,1472.196964
581.908470,1439.429464
582.250505,1306.018929
582.592484,1467.515893
582.934406,1401.980893
583.276270,1397.299821
583.618078,1376.235000
583.959829,1448.791607
584.301523,1378.575536
584.643160,1336.445893
584.984740,1458.153750
585.326263,1409.002500
585.667729,1359.851250
586.009138,1334.105357
586.350490,1362.191786
586.691785,1425.386250
587.033023,1458.153750
587.374203,1572.840000
587.715327,1472.196964
588.056393,1327.083750
588.397402,1362.191786
588.738354,1516.667143
589.079249,1411.343036
589.420086,1355.170179
589.760866,1387.937679
590.101589,1380.916071
590.442255,1371.553929
590.782863,1371.553929
591.123414,1465.175357
591.463908,1406.661964
591.804344,1495.602321
592.144723,1348.148571
592.485044,1378.575536
592.825308,1376.235000
593.165515,1341.126964
593.505664,1369.213393
593.845755,1322.402679
594.185789,1455.813214
594.525766,1364.532321
594.865685,1439.429464
595.205546,1404.321429
595.545350,1490.921250
595.885097,1439.429464
596.224785,1341.126964
596.564416,1376.235000
596.903990,1416.024107
597.243505,1434.748393
597.582963,1409.002500
597.922363,1495.602321
598.261706,1399.640357
598.600991,1558.796786
598.940218,1383.256607
599.279387,1399.640357
599.618498,1495.602321
599.957552,1430.067321
600.296547,1324.743214
600.635485,1519.007679
600.974365,1472.196964
601.313187,1397.299821
601.651951,1369.213393
601.990657,1526.029286
602.329306,1495.602321
602.667896,1451.132143
603.006428,1369.213393
603.344902,1401.980893
603.683318,1390.278214
604.021676,1399.640357
604.359976,1366.872857
604.698218,1411.343036
605.036402,1427.726786
605.374528,1579.861607
605.712595,1813.915179
606.050604,1355.170179
606.388555,1476.878036
606.726448,1467.515893
607.064283,1380.916071
607.402059,1406.661964
607.739777,1411.343036
608.077437,1385.597143
608.415039,1392.618750
608.752582,1584.542679
609.090067,1423.045714
609.427493,1507.305000
609.764861,1373.894464
610.102171,1378.575536
610.439422,1357.510714
610.776615,1348.148571
611.113749,1413.683571
611.450825,1437.088929
611.787842,1507.305000
612.124801,1397.299821
612.461701,1289.635179
612.798543,1334.105357
613.135326,1439.429464
613.472051,1446.451071
613.808717,1439.429464
614.145324,1476.878036
614.481873,1425.386250
614.818363,1455.813214
615.154794,1427.726786
615.491166,1530.710357
615.827480,1474.537500
616.163735,1444.110536
616.499932,1437.088929
616.836069,1409.002500
617.172148,1448.791607
617.508168,1483.899643
617.844129,1362.191786
618.180031,1376.235000
618.515874,1434.748393
618.851658,1334.105357
619.187384,1345.808036
619.523050,1497.942857
619.858658,1554.115714
620.194206,1409.002500
620.529696,1394.959286
620.865127,1308.359464
621.200498,1324.743214
621.535810,1409.002500
621.871064,1329.424286
622.206258,1287.294643
622.541393,1469.856429
622.876469,1516.667143
623.211486,1350.489107
623.546444,1423.045714
623.881342,1439.429464
624.216182,1413.683571
624.550962,1399.640357
624.885682,1619.650714
625.220344,1444.110536
625.554946,1486.240179
625.889489,1420.705179
626.223973,1467.515893
626.558397,1404.321429
626.892762,1460.494286
627.227067,1511.986071
627.561313,1418.364643
627.895500,1357.510714
628.229627,1341.126964
628.563695,1530.710357
628.897703,1397.299821
629.231652,1392.618750
629.565542,1376.235000
629.899371,1448.791607
630.233142,1387.937679
630.566852,1441.770000
630.900503,1409.002500
631.234095,1345.808036
631.567626,1465.175357
631.901099,1371.553929
632.234511,1387.937679
632.567864,1530.710357
632.901157,1495.602321
633.234390,1476.878036
633.567564,1404.321429
633.900678,1387.937679
634.233732,1430.067321
634.566726,1399.640357
634.899660,1401.980893
635.232535,1434.748393
635.565349,1448.791607
635.898104,1392.618750
636.230799,1392.618750
636.563434,1542.413036
636.896009,1425.386250
637.228524,1364.532321
637.560979,1378.575536
637.893375,1357.510714
638.225710,1493.261786
638.557985,1432.407857
638.890200,1350.489107
639.222355,1320.062143
639.554450,1401.980893
639.886484,1404.321429
640.218459,1502.623929
640.550373,1502.623929
640.882228,1458.153750
641.214022,1406.661964
641.545756,1371.553929
641.877429,1476.878036
642.209043,1390.278214
642.540596,1371.553929
642.872089,1530.710357
643.203521,1420.705179
643.534894,1378.575536
643.866205,1427.726786
644.197457,1392.618750
644.528648,1390.278214
644.859779,1427.726786
645.190849,1322.402679
645.521859,1467.515893
645.852809,1399.640357
646.183698,1652.418214
646.514526,1488.580714
646.845294,1467.515893
647.176002,1364.532321
647.506648,1439.429464
647.837235,1423.045714
648.167761,1486.240179
648.498226,1409.002500
648.828630,1502.623929
649.158974,1313.040536
649.489257,1416.024107
649.819480,1481.559107
650.149641,1371.553929
650.479742,1434.748393
650.809783,1467.515893
651.139762,1355.170179
651.469681,1458.153750
651.799539,1465.175357
652.129336,1493.261786
652.459073,1308.359464
652.788748,1486.240179
653.118363,1399.640357
653.447916,1423.045714
653.777409,1378.575536
654.106841,1448.791607
654.436212,1385.597143
654.765522,1547.094107
655.094771,1680.504643
655.423958,1406.661964
655.753085,1341.126964
656.082151,1317.721607
656.411156,1291.975714
656.740100,1373.894464
657.068982,1469.856429
657.397803,1575.180536
657.726564,1369.213393
658.055263,1359.851250
658.383901,1406.661964
658.712478,1373.894464
659.040993,1474.537500
659.369447,1383.256607
659.697840,1603.266964
660.026172,1521.348214
660.354442,1383.256607
660.682652,1404.321429
661.010799,1425.386250
661.338886,1334.105357
661.666911,1448.791607
661.994874,1423.045714
662.322777,1371.553929
662.650617,1434.748393
662.978397,1425.386250
663.306115,1369.213393
663.633771,1451.132143
663.961366,1390.278214
664.288899,1465.175357
664.616371,1373.894464
664.943781,1418.364643
665.271130,1350.489107
665.598417,1502.623929
665.925642,1394.959286
666.252806,1409.002500
666.579908,1479.218571
666.906949,1439.429464
667.233927,1633.693929
667.560844,1404.321429
667.887700,1493.261786
668.214493,1462.834821
668.541225,1364.532321
668.867895,1462.834821
669.194503,1467.515893
669.521049,1350.489107
669.847534,1399.640357
670.173956,1416.024107
670.500317,1399.640357
670.826616,1343.467500
671.152852,1338.786429
671.479027,1378.575536
671.805140,1380.916071
672.131191,1514.326607
672.457180,1390.278214
672.783107,1589.223750
673.108972,1467.515893
673.434774,1334.105357
673.760515,1413.683571
674.086194,1352.829643
674.411810,1486.240179
674.737364,1352.829643
675.062856,1516.667143
675.388286,1432.407857
675.713654,1455.813214
676.038960,1465.175357
676.364203,1324.743214
676.689384,1390.278214
677.014503,1324.743214
677.339559,1394.959286
677.664554,1427.726786
677.989485,1446.451071
678.314355,1371.553929
678.639162,1373.894464
678.963907,1380.916071
679.288589,1364.532321
679.613209,1467.515893
679.937766,2698.637679
680.262261,1629.012857
680.586694,1537.731964
680.911064,1441.770000
681.235371,1540.072500
681.559616,1306.018929
681.883798,1558.796786
682.207918,1434.748393
682.531975,1406.661964
682.855970,1397.299821
683.179902,1411.343036
683.503771,1413.683571
683.827578,1397.299821
684.151322,1401.980893
684.475003,1472.196964
684.798621,1320.062143
685.122177,1504.964464
685.445670,1350.489107
685.769100,1371.553929
686.092467,1439.429464
686.415771,1394.959286
686.739013,1519.007679
687.062192,1465.175357
687.385308,1434.748393
687.708361,1324.743214
688.031351,1413.683571
688.354278,1507.305000
688.677142,1411.343036
688.999943,1343.467500
689.322681,1439.429464
689.645356,1451.132143
689.967968,1448.791607
690.290517,1341.126964
690.613003,1420.705179
690.935426,1369.213393
691.257786,1338.786429
691.580082,1460.494286
691.902315,1437.088929
692.224486,1418.364643
692.546593,1371.553929
692.868636,1434.748393
693.190617,1409.002500
693.512534,1577.521071
693.834388,1373.894464
694.156179,1327.083750
694.477907,1369.213393
694.799571,1383.256607
695.121172,1486.240179
695.442709,1418.364643
695.764183,1371.553929
696.085594,1317.721607
696.406941,1427.726786
696.728224,1310.700000
697.049445,1425.386250
697.370602,1472.196964
697.691695,1523.688750
698.012725,1378.575536
698.333691,1521.348214
698.654594,1425.386250
698.975433,1448.791607
699.296208,1472.196964
699.616920,1366.872857
699.937568,1570.499464
700.258153,1369.213393
700.578674,1467.515893
700.899131,1350.489107
701.219525,1493.261786
701.539854,1390.278214
701.860120,1366.872857
702.180323,1409.002500
702.500461,1369.213393
702.820536,1734.336964
703.140547,1352.829643
703.460494,1324.743214
703.780377,1409.002500
704.100196,1390.278214
704.419951,1362.191786
704.739643,1511.986071
705.059270,1390.278214
705.378834,1390.278214
705.698333,1462.834821
706.017769,1401.980893
706.337140,1397.299821
706.656448,1549.434643
706.975691,1486.240179
707.294871,1409.002500
707.613986,1551.775179
707.933037,1366.872857
708.252024,1423.045714
708.570947,3082.485536
708.889805,1439.429464
709.208600,1401.980893
709.527330,1380.916071
709.845996,1472.196964
710.164598,1404.321429
710.483136,1310.700000
710.801609,1364.532321
711.120018,1373.894464
711.438362,1589.223750
711.756643,1460.494286
712.074859,1352.829643
712.393010,1303.678393
712.711097,1514.326607
713.029120,1430.067321
713.347078,1451.132143
713.664972,1369.213393
713.982801,1542.413036
714.300566,1556.456250
714.618266,1437.088929
714.935902,1371.553929
715.253473,1406.661964
715.570980,1526.029286
715.888422,1441.770000
716.205800,1444.110536
716.523112,1416.024107
716.840361,1554.115714
717.157544,1383.256607
717.474663,1399.640357
717.791717,1451.132143
718.108706,1458.153750
718.425631,1399.640357
718.742491,1369.213393
719.059286,1495.602321
719.376016,1322.402679
719.692681,1348.148571
720.009282,1448.791607
720.325818,1568.158929
720.642289,1423.045714
720.958695,1411.343036
721.275036,1383.256607
721.591312,1383.256607
721.907523,1345.808036
722.223669,1425.386250
722.539750,1479.218571
722.855766,1376.235000
723.171718,1371.553929
723.487604,1441.770000
723.803425,1334.105357
724.119180,1483.899643
724.434871,1448.791607
724.750497,1399.640357
725.066057,1453.472679
725.381553,1460.494286
725.696983,1362.191786
726.012348,1404.321429
726.327648,1610.288571
726.642882,1448.791607
726.958051,1420.705179
727.273155,1387.937679
727.588194,1334.105357
727.903167,1416.024107
728.218075,1495.602321
728.532918,1495.602321
728.847695,1378.575536
729.162407,1455.813214
729.477053,1579.861607
729.791634,1399.640357
730.106150,1369.213393
730.420600,1472.196964
730.734985,1364.532321
731.049304,1343.467500
731.363557,1516.667143
731.677745,1619.650714
731.991867,1420.705179
732.305924,1434.748393
732.619915,1355.170179
732.933841,1425.386250
733.247701,1401.980893
733.561495,1401.980893
733.875224,1385.597143
734.188887,1439.429464
734.502484,1343.467500
734.816015,1474.537500
735.129481,1476.878036
735.442881,1596.245357
735.756215,1366.872857
736.069483,1373.894464
736.382686,1504.964464
736.695822,1479.218571
737.008893,1413.683571
737.321898,1409.002500
737.634836,1521.348214
737.947709,1373.894464
738.260516,1434.748393
738.573257,1430.067321
738.885932,1345.808036
739.198541,1394.959286
739.511084,1540.072500
739.823561,1416.024107
740.135972,1383.256607
740.448317,1397.299821
740.760596,1394.959286
741.072808,1320.062143
741.384955,1336.445893
741.697035,1313.040536
742.009049,1441.770000
742.320997,1479.218571
742.632878,1310.700000
742.944694,1565.818393
743.256443,1549.434643
743.568126,1451.132143
743.879742,1399.640357
744.191292,1329.424286
744.502776,1376.235000
744.814194,1474.537500
745.125545,1439.429464
745.436830,1413.683571
745.748048,1287.294643
746.059200,1401.980893
746.370286,1399.640357
746.681305,1397.299821
746.992257,1490.921250
747.303143,1369.213393
747.613963,1418.364643
747.924716,1430.067321
748.235402,1378.575536
748.546022,1481.559107
748.856575,1425.386250
749.167061,1430.067321
749.477481,1437.088929
749.787835,1331.764821
750.098121,1413.683571
750.408341,1418.364643
750.718494,1605.607500
751.028581,1331.764821
751.338600,1376.235000
751.648553,1348.148571
751.958439,1467.515893
752.268259,1472.196964
752.578011,1352.829643
752.887697,1413.683571
753.197315,1434.748393
753.506867,1556.456250
753.816352,1399.640357
754.125770,1439.429464
754.435121,1343.467500
754.744405,1350.489107
755.053622,1394.959286
755.362772,1369.213393
755.671855,1476.878036
755.980871,1315.381071
756.289820,1338.786429
756.598702,1432.407857
756.907517,1509.645536
757.216264,1336.445893
757.524945,1355.170179
757.833558,1320.062143
758.142104,1500.283393
758.450583,1474.537500
758.758995,1486.240179
759.067340,1432.407857
759.375617,1434.748393
759.683827,1486.240179
759.991969,1371.553929
760.300045,1455.813214
760.608053,1331.764821
760.915994,1444.110536
761.223867,1441.770000
761.531673,1369.213393
761.839411,1327.083750
762.147082,1465.175357
762.454686,1418.364643
762.762222,1460.494286
763.069691,1430.067321
763.377092,1409.002500
763.684426,1460.494286
763.991692,1481.559107
764.298890,1502.623929
764.606021,1430.067321
764.913085,1526.029286
765.220080,1533.050893
765.527009,1593.904821
765.833869,1362.191786
766.140662,1486.240179
766.447387,1551.775179
766.754044,1338.786429
767.060634,1444.110536
767.367156,1430.067321
767.673610,1362.191786
767.979996,1416.024107
768.286315,1310.700000
768.592565,1397.299821
768.898748,1411.343036
769.204863,1387.937679
769.510910,1373.894464
769.816889,1376.235000
770.122801,1315.381071
770.428644,1336.445893
770.734419,1383.256607
771.040127,1416.024107
771.345766,1416.024107
771.651337,1441.770000
771.956841,1357.510714
772.262276,1427.726786
772.567643,1378.575536
772.872942,1341.126964
773.178173,1355.170179
773.483336,1348.148571
773.788430,1490.921250
774.093457,1355.170179
774.398415,1369.213393
774.703305,1359.851250
775.008127,1460.494286
775.312881,1444.110536
775.617566,1451.132143
775.922183,1378.575536
776.226732,1678.164107
776.531212,1504.964464
776.835624,1638.375000
777.139968,1530.710357
777.444243,1404.321429
777.748450,1572.840000
778.052588,1657.099286
778.356658,1474.537500
778.660660,1394.959286
778.964593,1378.575536
779.268457,1458.153750
779.572253,1495.602321
779.875981,1500.283393
780.179640,1483.899643
780.483230,1497.942857
780.786752,1465.175357
781.090205,1427.726786
781.393590,1397.299821
781.696906,1320.062143
782.000153,1409.002500
782.303331,1448.791607
782.606441,1406.661964
782.909482,1420.705179
783.212454,1376.235000
783.515358,1465.175357
783.818193,1378.575536
784.120959,1387.937679
784.423656,1423.045714
784.726284,1406.661964
785.028843,1504.964464
785.331334,1509.645536
785.633756,1472.196964
785.936108,1481.559107
786.238392,1390.278214
786.540607,1586.883214
786.842753,1589.223750
787.144830,1397.299821
787.446837,1425.386250
787.748776,1289.635179
788.050646,1495.602321
788.352447,1359.851250
788.654178,1479.218571
788.955841,1710.931607
789.257434,1469.856429
789.558958,1394.959286
789.860413,1345.808036
790.161799,1392.618750
790.463115,1287.294643
790.764363,1404.321429
791.065541,1490.921250
791.366650,1329.424286
791.667689,1460.494286
791.968659,1371.553929
792.269560,1659.439821
792.570392,1570.499464
792.871154,1437.088929
793.171847,1423.045714
793.472470,1514.326607
793.773025,1425.386250
794.073509,1469.856429
794.373924,1387.937679
794.674270,1460.494286
794.974546,1558.796786
795.274753,1392.618750
795.574890,1479.218571
795.874957,1453.472679
796.174955,1362.191786
796.474884,1420.705179
796.774742,1465.175357
797.074532,1430.067321
797.374251,1373.894464
797.673901,1453.472679
797.973481,1413.683571
798.272991,1409.002500
798.572432,1490.921250
798.871803,1418.364643
799.171104,1387.937679
799.470336,1352.829643
799.769497,1490.921250
800.068589,1364.532321
800.367611,1406.661964
800.666563,1306.018929
800.965445,1437.088929
801.264258,1376.235000
801.563000,1397.299821
801.861673,1397.299821
802.160275,1409.002500
802.458808,1416.024107
802.757270,1439.429464
803.055663,1394.959286
803.353985,1359.851250
803.652237,1488.580714
803.950420,1455.813214
804.248532,1350.489107
804.546574,1327.083750
804.844546,1439.429464
805.142448,1404.321429
805.440280,1392.618750
805.738041,1479.218571
806.035733,1451.132143
806.333354,1413.683571
806.630905,1322.402679
806.928385,1373.894464
807.225796,1444.110536
807.523136,1385.597143
807.820405,1465.175357
808.117605,1320.062143
808.414734,1483.899643
808.711792,1483.899643
809.008781,1481.559107
809.305698,1526.029286
809.602546,1366.872857
809.899323,1324.743214
810.196029,1378.575536
810.492665,1298.997321
810.789231,1385.597143
811.085725,1430.067321
811.382150,1298.997321
811.678504,1352.829643
811.974787,1542.413036
812.270999,1479.218571
812.567141,1397.299821
812.863213,1343.467500
813.159213,1399.640357
813.455143,1460.494286
813.751003,1345.808036
814.046791,1462.834821
814.342509,1430.067321
814.638156,1383.256607
814.933732,1437.088929
815.229238,1411.343036
815.524672,1509.645536
815.820036,1416.024107
816.115329,1263.889286
816.410551,1472.196964
816.705703,1526.029286
817.000783,1434.748393
817.295792,1432.407857
817.590731,1413.683571
817.885598,1380.916071
818.180394,1378.575536
818.475120,1287.294643
818.769774,1343.467500
819.064358,1390.278214
819.358870,1336.445893
819.653311,1378.575536
819.947681,1352.829643
820.241980,1526.029286
820.536208,1577.521071
820.830365,1373.894464
821.124450,1416.024107
821.418464,1334.105357
821.712407,1523.688750
822.006279,1359.851250
822.300080,1378.575536
822.593809,1376.235000
822.887467,1366.872857
823.181054,1334.105357
823.474569,1509.645536
823.768013,1399.640357
824.061386,1378.575536
824.354687,1376.235000
824.647917,1390.278214
824.941075,1397.299821
825.234162,1308.359464
825.527178,1437.088929
825.820122,1364.532321
826.112994,1448.791607
826.405795,1411.343036
826.698524,1486.240179
826.991182,1399.640357
827.283768,1556.456250
827.576283,1446.451071
827.868726,1291.975714
828.161097,1376.235000
828.453397,1394.959286
828.745625,1359.851250
829.037781,1558.796786
829.329866,1334.105357
829.621879,1383.256607
829.913820,1406.661964
830.205689,1460.494286
830.497487,1296.656786
830.789213,1409.002500
831.080867,1364.532321
831.372449,1448.791607
831.663959,1334.105357
831.955397,1497.942857
832.246764,1380.916071
832.538058,1507.305000
832.829281,1383.256607
833.120431,1373.894464
833.411510,1404.321429
833.702516,1416.024107
833.993451,1458.153750
834.284313,1411.343036
834.575104,1540.072500
834.865822,1444.110536
835.156468,1343.467500
835.447042,1533.050893
835.737544,1493.261786
836.027974,1350.489107
836.318332,1317.721607
836.608617,1371.553929
836.898830,1334.105357
837.188971,1439.429464
837.479040,1394.959286
837.769037,1359.851250
838.058961,1371.553929
838.348813,1458.153750
838.638592,1357.510714
838.928299,1373.894464
839.217934,1467.515893
839.507497,1387.937679
839.796987,1427.726786
840.086404,1418.364643
840.375749,1556.456250
840.665022,1376.235000
840.954222,1280.273036
841.243350,1376.235000
841.532405,1359.851250
841.821388,1378.575536
842.110298,1387.937679
842.399135,1373.894464
842.687900,1378.575536
842.976593,1394.959286
843.265212,1416.024107
843.553759,1444.110536
843.842233,1430.067321
844.130635,1460.494286
844.418964,1301.337857
844.707220,1434.748393
844.995404,1357.510714
845.283514,1446.451071
845.571552,1542.413036
845.859517,1430.067321
846.147409,1483.899643
846.435229,1455.813214
846.722975,1519.007679
847.010649,1430.067321
847.298249,1409.002500
847.585777,1392.618750
847.873232,1504.964464
848.160614,1380.916071
848.447923,1385.597143
848.735159,1348.148571
849.022322,1376.235000
849.309411,1383.256607
849.596428,1423.045714
849.883372,1558.796786
850.170242,1500.283393
850.457040,1409.002500
850.743764,1427.726786
851.030415,1373.894464
851.316993,1444.110536
851.603498,1359.851250
851.889930,1413.683571
852.176288,1572.840000
852.462573,1420.705179
852.748785,1453.472679
853.034924,1385.597143
853.320989,1331.764821
853.606981,1455.813214
853.892900,1373.894464
854.178745,1411.343036
854.464517,1380.916071
854.750215,1378.575536
855.035840,1474.537500
855.321392,1406.661964
855.606870,1584.542679
855.892275,1378.575536
856.177606,1366.872857
856.462863,1423.045714
856.748047,1364.532321
857.033158,1387.937679
857.318195,1418.364643
857.603158,1366.872857
857.888048,1303.678393
858.172864,1394.959286
858.457606,1514.326607
858.742275,1607.948036
859.026870,1371.553929
859.311392,1378.575536
859.595839,1317.721607
859.880213,1689.866786
860.164513,1390.278214
860.448740,1458.153750
860.732892,1387.937679
861.016971,1362.191786
861.300976,1462.834821
861.584907,1469.856429
861.868764,1481.559107
862.152547,1277.932500
862.436257,1366.872857
862.719892,1458.153750
863.003453,1366.872857
863.286941,1514.326607
863.570354,1610.288571
863.853694,1523.688750
864.136959,1469.856429
864.420150,1549.434643
864.703268,1364.532321
864.986311,1467.515893
865.269280,1320.062143
865.552175,1329.424286
865.834996,1455.813214
866.117742,1392.618750
866.400415,1373.894464
866.683013,1359.851250
866.965537,1432.407857
867.247986,1453.472679
867.530362,1460.494286
867.812663,1376.235000
868.094890,1413.683571
868.377043,1343.467500
868.659121,1362.191786
868.941125,1298.997321
869.223054,1296.656786
869.504909,1549.434643
869.786690,1404.321429
870.068396,1535.391429
870.350028,1350.489107
870.631585,1376.235000
870.913068,1416.024107
871.194476,1406.661964
871.475810,1406.661964
871.757069,1240.483929
872.038254,1462.834821
872.319364,1434.748393
872.600399,1329.424286
872.881360,1416.024107
873.162246,1359.851250
873.443058,1404.321429
873.723794,1313.040536
874.004456,1423.045714
874.285044,1369.213393
874.565556,1465.175357
874.845994,1397.299821
875.126357,1451.132143
875.406646,1355.170179
875.686859,1390.278214
