180.606810,1224.100179
180.999322,1266.229821
181.391798,1280.273036
181.784238,1306.018929
182.176642,1331.764821
182.569009,1308.359464
182.961341,1343.467500
183.353636,1383.256607
183.745896,1359.851250
184.138119,1399.640357
184.530306,1313.040536
184.922457,1364.532321
185.314571,1345.808036
185.706649,1380.916071
186.098692,1399.640357
186.490697,1401.980893
186.882667,1352.829643
187.274600,1423.045714
187.666497,1369.213393
188.058357,1357.510714
188.450181,1413.683571
188.841969,1446.451071
189.233720,1364.532321
189.625435,1413.683571
190.017113,1387.937679
190.408755,1423.045714
190.800360,1441.770000
191.191929,1394.959286
191.583461,1399.640357
191.974957,1385.597143
192.366416,1397.299821
192.757838,1425.386250
193.149224,1383.256607
193.540574,1380.916071
193.931886,1427.726786
194.323162,1359.851250
194.714402,1371.553929
195.105604,1366.872857
195.496770,1399.640357
195.887899,1455.813214
196.278992,1401.980893
196.670047,1397.299821
197.061066,1425.386250
197.452048,1411.343036
197.842993,1432.407857
198.233901,1439.429464
198.624773,1390.278214
199.015607,1371.553929
199.406405,1394.959286
199.797165,1401.980893
200.187889,1432.407857
200.578576,1364.532321
200.969225,1423.045714
201.359838,1425.386250
201.750414,1430.067321
202.140952,1416.024107
202.531454,1366.872857
202.921918,1385.597143
203.312346,1331.764821
203.702736,1413.683571
204.093089,1406.661964
204.483405,1418.364643
204.873683,1357.510714
205.263925,1373.894464
205.654129,1430.067321
206.044296,1446.451071
206.434426,1380.916071
206.824518,1392.618750
207.214574,1343.467500
207.604591,1406.661964
207.994572,1387.937679
208.384515,1362.191786
208.774421,1373.894464
209.164289,1376.235000
209.554120,1392.618750
209.943914,1380.916071
210.333670,1369.213393
210.723389,1385.597143
211.113070,1385.597143
211.502713,1397.299821
211.892319,1390.278214
212.281888,1390.278214
212.671419,1369.213393
213.060912,1343.467500
213.450368,1371.553929
213.839786,1476.878036
214.229167,1397.299821
214.618509,1376.235000
215.007815,1425.386250
215.397082,1385.597143
215.786312,1413.683571
216.175504,1446.451071
216.564658,1380.916071
216.953774,1383.256607
217.342853,1446.451071
217.731894,1399.640357
218.120897,1394.959286
218.509862,1446.451071
218.898789,1378.575536
219.287678,1439.429464
219.676530,1409.002500
220.065343,1390.278214
220.454119,1451.132143
220.842857,1406.661964
221.231556,1341.126964
221.620218,1343.467500
222.008841,1394.959286
222.397427,1455.813214
222.785974,1411.343036
223.174484,1409.002500
223.562955,1397.299821
223.951388,1437.088929
224.339783,1404.321429
224.728140,1383.256607
225.116458,1444.110536
225.504739,1465.175357
225.892981,1413.683571
226.281185,1406.661964
226.669351,1458.153750
227.057478,1409.002500
227.445567,1446.451071
227.833618,1434.748393
228.221631,1341.126964
228.609605,1444.110536
228.997541,1416.024107
229.385438,1451.132143
229.773297,1474.537500
230.161117,1399.640357
230.548900,1411.343036
230.936643,1462.834821
231.324348,1469.856429
231.712015,1441.770000
232.099643,1458.153750
232.487233,1509.645536
232.874783,1474.537500
233.262296,1418.364643
233.649770,1423.045714
234.037205,1423.045714
234.424601,1411.343036
234.811959,1467.515893
235.199278,1476.878036
235.586559,1444.110536
235.973801,1444.110536
236.361004,1416.024107
236.748168,1439.429464
237.135293,1504.964464
237.522380,1432.407857
237.909428,1497.942857
238.296437,1460.494286
238.683407,1418.364643
239.070339,1481.559107
239.457231,1500.283393
239.844085,1495.602321
240.230899,1406.661964
240.617675,1481.559107
241.004412,1500.283393
241.391109,1467.515893
241.777768,1476.878036
242.164388,1509.645536
242.550968,1439.429464
242.937510,1474.537500
243.324012,1444.110536
243.710476,1544.753571
244.096900,1572.840000
244.483285,1479.218571
244.869631,1509.645536
245.255938,1537.731964
245.642206,1575.180536
246.028434,1593.904821
246.414623,1591.564286
246.800773,1638.375000
247.186884,1694.547857
247.572955,1708.591071
247.958987,1769.445000
248.344980,1781.147679
248.730933,1912.217679
249.116847,2174.357679
249.502721,2607.356786
249.888557,3714.430179
250.274352,6024.538929
250.660109,11044.988036
251.045825,17647.639286
251.431503,24861.170357
251.817141,31845.328929
252.202739,38398.828929
252.588298,43320.975536
252.973817,49001.455714
253.359297,51583.066607
253.744737,52774.399286
254.130137,53272.933393
254.515498,49514.033036
254.900819,44247.827679
255.286100,37216.858393
255.671342,31878.096429
256.056544,27840.672321
256.441706,22199.981250
256.826829,17631.255536
257.211912,13750.647321
257.596955,10572.199821
257.981958,7705.043571
258.366921,5338.761964
258.751845,3662.938393
259.136728,2532.459643
259.521572,1905.196071
259.906376,1739.018036
260.291140,1612.629107
260.675864,1600.926429
261.060548,1568.158929
261.445192,1586.883214
261.829796,1582.202143
262.214360,1577.521071
262.598884,1591.564286
262.983368,1584.542679
263.367812,1579.861607
263.752215,1584.542679
264.136579,1610.288571
264.520903,1624.331786
264.905186,1593.904821
265.289429,1633.693929
265.673632,1600.926429
266.057795,1629.012857
266.441917,1563.477857
266.825999,1556.456250
267.210041,1549.434643
267.594043,1528.369821
267.978005,1514.326607
268.361926,1474.537500
268.745806,1474.537500
269.129647,1397.299821
269.513447,1507.305000
269.897206,1502.623929
270.280925,1451.132143
270.664604,1439.429464
271.048242,1397.299821
271.431840,1462.834821
271.815397,1404.321429
272.198914,1455.813214
272.582390,1362.191786
272.965826,1446.451071
273.349221,1453.472679
273.732576,1497.942857
274.115890,1467.515893
274.499163,1455.813214
274.882395,1509.645536
275.265587,1502.623929
275.648739,1460.494286
276.031849,1397.299821
276.414919,1416.024107
276.797948,1453.472679
277.180936,1474.537500
277.563884,1488.580714
277.946790,1455.813214
278.329656,1495.602321
278.712481,1469.856429
279.095265,1504.964464
279.478009,1467.515893
279.860711,1467.515893
280.243372,1504.964464
280.625993,1554.115714
281.008572,1575.180536
281.391111,1617.310179
281.773609,1530.710357
282.156065,1626.672321
282.538481,1586.883214
282.920855,1586.883214
283.303188,1500.283393
283.685481,1533.050893
284.067732,1511.986071
284.449942,1460.494286
284.832111,1420.705179
285.214239,1481.559107
285.596325,1446.451071
285.978370,1420.705179
286.360375,1453.472679
286.742337,1411.343036
287.124259,1509.645536
287.506139,1467.515893
287.887978,1458.153750
288.269776,1504.964464
288.651532,1528.369821
289.033247,1509.645536
289.414921,1409.002500
289.796553,1519.007679
290.178144,1495.602321
290.559693,1446.451071
290.941201,1483.899643
291.322668,1409.002500
291.704092,1497.942857
292.085476,1439.429464
292.466818,1523.688750
292.848118,1420.705179
293.229377,1558.796786
293.610594,1636.034464
293.991769,1802.212500
294.372903,1968.390536
294.753996,2071.374107
295.135046,2256.276429
295.516055,2452.881429
295.897022,2445.859821
296.277948,2572.248750
296.658832,2621.400000
297.039674,2661.189107
297.420474,2539.481250
297.801232,2373.303214
298.181949,2258.616964
298.562623,2129.887500
298.943256,1977.752679
299.323847,1937.963571
299.704396,1919.239286
300.084904,1853.704286
300.465369,1832.639464
300.845792,1760.082857
301.226173,1788.169286
301.606513,1792.850357
301.986810,1776.466607
302.367065,1781.147679
302.747278,1846.682679
303.127450,1753.061250
303.507579,1729.655893
303.887666,1692.207321
304.267710,1579.861607
304.647713,1596.245357
305.027674,1540.072500
305.407592,1507.305000
305.787468,1439.429464
306.167302,1446.451071
306.547094,1425.386250
306.926843,1427.726786
307.306550,1467.515893
307.686215,1432.407857
308.065838,1441.770000
308.445418,1444.110536
308.824956,1423.045714
309.204451,1540.072500
309.583904,1788.169286
309.963315,2272.660179
310.342683,3009.928929
310.722009,3761.240893
311.101292,4341.693750
311.480533,4915.125000
311.859731,5458.129286
312.238887,5713.247679
312.618000,6031.560536
312.997070,6171.992679
313.376098,5984.749821
313.755084,5659.415357
314.134027,5151.519107
314.512927,4348.715357
314.891784,3918.056786
315.270599,3440.587500
315.649371,2998.226250
316.028101,2626.081071
316.406787,2246.914286
316.785431,2022.222857
317.164032,1799.871964
317.542590,1612.629107
317.921106,1565.818393
318.299579,1483.899643
318.678008,1465.175357
319.056395,1451.132143
319.434739,1430.067321
319.813040,1467.515893
320.191299,1439.429464
320.569514,1453.472679
320.947686,1481.559107
321.325815,1439.429464
321.703902,1448.791607
322.081945,1446.451071
322.459945,1439.429464
322.837902,1390.278214
323.215816,1434.748393
323.593687,1404.321429
323.971515,1390.278214
324.349300,1392.618750
324.727041,1394.959286
325.104740,1362.191786
325.482395,1455.813214
325.860007,1416.024107
326.237575,1401.980893
326.615101,1399.640357
326.992583,1409.002500
327.370022,1399.640357
327.747417,1432.407857
328.124769,1383.256607
328.502078,1399.640357
328.879344,1411.343036
329.256566,1462.834821
329.633745,1441.770000
330.010880,1467.515893
330.387972,1462.834821
330.765020,1427.726786
331.142025,1394.959286
331.518986,1434.748393
331.895904,1448.791607
332.272778,1519.007679
332.649609,1476.878036
333.026396,1542.413036
333.403140,1596.245357
333.779839,1570.499464
334.156496,1558.796786
334.533108,1542.413036
334.909677,1537.731964
335.286202,1586.883214
335.662684,1537.731964
336.039122,1561.137321
336.415516,1423.045714
336.791866,1444.110536
337.168172,1427.726786
337.544435,1458.153750
337.920654,1434.748393
338.296829,1455.813214
338.672960,1474.537500
339.049047,1439.429464
339.425090,1467.515893
339.801090,1469.856429
340.177045,1430.067321
340.552956,1427.726786
340.928824,1390.278214
341.304647,1432.407857
341.680427,1423.045714
342.056162,1420.705179
342.431853,1427.726786
342.807501,1409.002500
343.183104,1441.770000
343.558663,1397.299821
343.934178,1451.132143
344.309648,1390.278214
344.685075,1397.299821
345.060457,1453.472679
345.435795,1495.602321
345.811089,1444.110536
346.186339,1427.726786
346.561544,1434.748393
346.936705,1418.364643
347.311822,1432.407857
347.686895,1362.191786
348.061923,1362.191786
348.436907,1472.196964
348.811846,1439.429464
349.186741,1481.559107
349.561591,1448.791607
349.936397,1430.067321
350.311159,1430.067321
350.685876,1420.705179
351.060549,1411.343036
351.435177,1359.851250
351.809760,1409.002500
352.184299,1481.559107
352.558794,1401.980893
352.933244,1401.980893
353.307649,1467.515893
353.682009,1455.813214
354.056325,1399.640357
354.430597,1446.451071
354.804823,1434.748393
355.179005,1423.045714
355.553142,1444.110536
355.927234,1409.002500
356.301282,1404.321429
356.675285,1432.407857
357.049243,1446.451071
357.423156,1418.364643
357.797024,1474.537500
358.170848,1387.937679
358.544626,1418.364643
358.918360,1441.770000
359.292048,1495.602321
359.665692,1399.640357
360.039291,1439.429464
360.412845,1467.515893
360.786354,1430.067321
361.159818,1469.856429
361.533236,1507.305000
361.906610,1650.077679
362.279939,2602.675714
362.653222,3859.543393
363.026461,5516.642679
363.399654,6946.710000
363.772802,8189.534464
364.145905,9256.818750
364.518963,10150.903393
364.891975,10544.113393
365.264943,10960.728750
365.637865,10895.193750
366.010742,10169.627679
366.383573,9238.094464
366.756359,7740.151607
367.129100,6384.981429
367.501796,5373.870000
367.874446,4414.250357
368.247051,3632.511429
368.619610,3005.247857
368.992124,2497.351607
369.364593,2146.271250
369.737016,1893.493393
370.109394,1699.228929
370.481726,1544.753571
370.854012,1504.964464
371.226253,1409.002500
371.598449,1483.899643
371.970599,1488.580714
372.342703,1416.024107
372.714762,1490.921250
373.086775,1455.813214
373.458742,1387.937679
373.830664,1397.299821
374.202540,1465.175357
374.574371,1439.429464
374.946155,1446.451071
375.317894,1437.088929
375.689587,1453.472679
376.061235,1465.175357
376.432836,1409.002500
376.804392,1437.088929
377.175902,1420.705179
377.547366,1444.110536
377.918784,1430.067321
378.290156,1460.494286
378.661482,1458.153750
379.032763,1472.196964
379.403997,1427.726786
379.775186,1371.553929
380.146328,1425.386250
380.517424,1432.407857
380.888475,1441.770000
381.259479,1399.640357
381.630437,1444.110536
382.001350,1404.321429
382.372216,1465.175357
382.743036,1437.088929
383.113809,1383.256607
383.484537,1458.153750
383.855218,1437.088929
384.225854,1432.407857
384.596443,1425.386250
384.966985,1441.770000
385.337482,1469.856429
385.707932,1446.451071
386.078336,1455.813214
386.448693,1423.045714
386.819005,1416.024107
387.189270,1404.321429
387.559488,1514.326607
387.929660,1488.580714
388.299786,1439.429464
388.669865,1453.472679
389.039898,1472.196964
389.409884,1437.088929
389.779824,1409.002500
390.149717,1502.623929
390.519564,1493.261786
390.889364,1401.980893
391.259118,1446.451071
391.628825,1469.856429
391.998485,1418.364643
392.368099,1469.856429
392.737666,1432.407857
393.107187,1444.110536
393.476661,1444.110536
393.846088,1474.537500
394.215468,1444.110536
394.584802,1469.856429
394.954089,1465.175357
395.323329,1519.007679
395.692522,1411.343036
396.061669,1451.132143
396.430768,1418.364643
396.799821,1416.024107
397.168827,1399.640357
397.537786,1467.515893
397.906698,1469.856429
398.275563,1425.386250
398.644382,1483.899643
399.013153,1486.240179
399.381877,1500.283393
399.750554,1490.921250
400.119184,1446.451071
400.487768,1497.942857
400.856304,1476.878036
401.224793,1467.515893
401.593235,1495.602321
401.961629,1818.596250
402.329977,2544.162321
402.698277,3386.755179
403.066531,4231.688571
403.434737,5071.940893
403.802896,5596.220893
404.171007,5884.106786
404.539072,5982.409286
404.907089,6289.019464
405.275058,6080.711786
405.642981,6050.284821
406.010856,5673.458571
406.378684,5032.151786
406.746464,4002.316071
407.114197,3449.949643
407.481883,2909.285893
407.849521,2635.443214
408.217112,2375.643750
408.584655,2160.314464
408.952151,2090.098393
409.319599,1912.217679
409.686999,1720.293750
410.054353,1633.693929
410.421658,1570.499464
410.788916,1586.883214
411.156127,1516.667143
411.523289,1570.499464
411.890404,1500.283393
412.257472,1490.921250
412.624492,1441.770000
412.991464,1465.175357
413.358388,1404.321429
413.725265,1467.515893
414.092094,1465.175357
414.458875,1432.407857
414.825608,1448.791607
415.192294,1542.413036
415.558931,1521.348214
415.925521,1493.261786
416.292063,1413.683571
416.658557,1476.878036
417.025003,1530.710357
417.391401,1467.515893
417.757751,1451.132143
418.124054,1502.623929
418.490308,1502.623929
418.856514,1537.731964
419.222672,1600.926429
419.588783,1465.175357
419.954845,1486.240179
420.320859,1493.261786
420.686825,1523.688750
421.052743,1530.710357
421.418612,1427.726786
421.784434,1474.537500
422.150207,1453.472679
422.515932,1420.705179
422.881609,1469.856429
423.247238,1458.153750
423.612818,1432.407857
423.978350,1451.132143
424.343834,1526.029286
424.709270,1483.899643
425.074657,1430.067321
425.439996,1455.813214
425.805286,1488.580714
426.170529,1504.964464
426.535722,1390.278214
426.900867,1486.240179
427.265964,1465.175357
427.631013,1495.602321
427.996012,1535.391429
428.360964,1502.623929
428.725867,1511.986071
429.090721,1472.196964
429.455527,1504.964464
429.820284,1411.343036
430.184992,1500.283393
430.549652,1502.623929
430.914264,1467.515893
431.278826,1460.494286
431.643340,1479.218571
432.007805,1556.456250
432.372222,1544.753571
432.736590,1647.737143
433.100909,2057.330893
433.465179,3681.662679
433.829401,5998.793036
434.193573,9156.175714
434.557697,11115.204107
434.921772,12931.459821
435.285798,14974.747500
435.649775,16367.366250
436.013704,16861.219286
436.377583,15960.113036
436.741414,15274.336071
437.105195,14614.305000
437.468928,11925.029464
437.832611,9357.461786
438.196246,6698.613214
438.559831,5191.308214
438.923367,3990.613393
439.286855,3133.977321
439.650293,2630.762143
440.013682,2059.671429
440.377022,1729.655893
440.740313,1579.861607
441.103554,1493.261786
441.466747,1537.731964
441.829890,1439.429464
442.192984,1493.261786
442.556029,1444.110536
442.919024,1500.283393
443.281970,1439.429464
443.644867,1409.002500
444.007715,1394.959286
444.370513,1355.170179
444.733262,1458.153750
445.095961,1399.640357
445.458611,1453.472679
445.821212,1458.153750
446.183763,1458.153750
446.546265,1490.921250
446.908717,1460.494286
447.271119,1441.770000
447.633473,1453.472679
447.995776,1392.618750
448.358030,1430.067321
448.720235,1430.067321
449.082390,1397.299821
449.444495,1418.364643
449.806551,1453.472679
450.168557,1420.705179
450.530513,1437.088929
450.892420,1430.067321
451.254277,1446.451071
451.616084,1467.515893
451.977841,1462.834821
452.339549,1432.407857
452.701207,1444.110536
453.062815,1430.067321
453.424373,1430.067321
453.785882,1495.602321
454.147340,1413.683571
454.508749,1404.321429
454.870108,1413.683571
455.231416,1406.661964
455.592675,1383.256607
455.953884,1404.321429
456.315043,1420.705179
456.676152,1425.386250
457.037211,1444.110536
457.398220,1425.386250
457.759179,1427.726786
458.120088,1479.218571
458.480946,1401.980893
458.841755,1401.980893
459.202513,1394.959286
459.563222,1441.770000
459.923880,1397.299821
460.284488,1411.343036
460.645045,1401.980893
461.005553,1437.088929
461.366010,1430.067321
461.726417,1437.088929
462.086774,1430.067321
462.447080,1401.980893
462.807336,1455.813214
463.167542,1455.813214
463.527697,1437.088929
463.887802,1373.894464
464.247857,1397.299821
464.607861,1425.386250
464.967814,1446.451071
465.327718,1404.321429
465.687570,1371.553929
466.047373,1413.683571
466.407124,1392.618750
466.766826,1444.110536
467.126476,1409.002500
467.486076,1441.770000
467.845626,1423.045714
468.205125,1394.959286
468.564573,1446.451071
468.923971,1437.088929
469.283317,1462.834821
469.642614,1397.299821
470.001859,1441.770000
470.361054,1378.575536
470.720198,1483.899643
471.079291,1397.299821
471.438334,1453.472679
471.797326,1448.791607
472.156266,1446.451071
472.515156,1404.321429
472.873996,1434.748393
473.232784,1451.132143
473.591521,1451.132143
473.950208,1441.770000
474.308843,1378.575536
474.667428,1448.791607
475.025962,1451.132143
475.384444,1448.791607
475.742876,1411.343036
476.101256,1420.705179
476.459586,1483.899643
476.817864,1437.088929
477.176092,1453.472679
477.534268,1439.429464
477.892393,1425.386250
478.250467,1409.002500
478.608490,1397.299821
478.966461,1399.640357
479.324382,1420.705179
479.682251,1420.705179
480.040069,1420.705179
480.397836,1453.472679
480.755551,1404.321429
481.113215,1425.386250
481.470828,1453.472679
481.828389,1446.451071
482.185899,1411.343036
482.543358,1404.321429
482.900765,1420.705179
483.258121,1460.494286
483.615426,1401.980893
483.972679,1455.813214
484.329880,1474.537500
484.687030,1467.515893
485.044129,1394.959286
485.401176,1390.278214
485.758171,1458.153750
486.115115,1455.813214
486.472007,1460.494286
486.828848,1401.980893
487.185637,1430.067321
487.542374,1439.429464
487.899060,1460.494286
488.255694,1399.640357
488.612277,1420.705179
488.968807,1460.494286
489.325286,1455.813214
489.681713,1479.218571
490.038089,1441.770000
490.394412,1425.386250
490.750684,1401.980893
491.106904,1451.132143
491.463072,1476.878036
491.819188,1519.007679
492.175252,1458.153750
492.531264,1479.218571
492.887225,1495.602321
493.243133,1446.451071
493.598990,1434.748393
493.954794,1409.002500
494.310547,1399.640357
494.666247,1476.878036
495.021896,1455.813214
495.377492,1458.153750
495.733036,1397.299821
496.088528,1437.088929
496.443968,1387.937679
496.799356,1369.213393
497.154692,1437.088929
497.509975,1434.748393
497.865207,1437.088929
498.220386,1451.132143
498.575513,1441.770000
498.930587,1411.343036
499.285610,1376.235000
499.640580,1444.110536
499.995497,1397.299821
500.350363,1416.024107
500.705176,1453.472679
501.059937,1420.705179
501.414645,1439.429464
501.769301,1486.240179
502.123904,1467.515893
502.478455,1401.980893
502.832954,1458.153750
503.187400,1409.002500
503.541793,1401.980893
503.896134,1397.299821
504.250422,1357.510714
504.604658,1430.067321
504.958842,1409.002500
505.312972,1378.575536
505.667050,1423.045714
506.021076,1437.088929
506.375048,1446.451071
506.728969,1406.661964
507.082836,1399.640357
507.436651,1404.321429
507.790412,1430.067321
508.144122,1509.645536
508.497778,1453.472679
508.851382,1418.364643
509.204932,1369.213393
509.558430,1437.088929
509.911875,1458.153750
510.265268,1439.429464
510.618607,1425.386250
510.971893,1383.256607
511.325127,1465.175357
511.678307,1423.045714
512.031435,1444.110536
512.384509,1437.088929
512.737531,1406.661964
513.090500,1434.748393
513.443415,1404.321429
513.796277,1444.110536
514.149087,1423.045714
514.501843,1444.110536
514.854546,1401.980893
515.207196,1427.726786
515.559793,1441.770000
515.912337,1469.856429
516.264827,1362.191786
516.617264,1425.386250
516.969648,1465.175357
517.321979,1453.472679
517.674257,1441.770000
518.026481,1460.494286
518.378652,1446.451071
518.730769,1420.705179
519.082833,1430.067321
519.434844,1462.834821
519.786802,1483.899643
520.138706,1465.175357
520.490556,1404.321429
520.842353,1434.748393
521.194097,1437.088929
521.545787,1483.899643
521.897424,1373.894464
522.249007,1420.705179
522.600537,1411.343036
522.952013,1511.986071
523.303435,1392.618750
523.654804,1446.451071
524.006120,1378.575536
524.357381,1401.980893
524.708589,1453.472679
525.059743,1476.878036
525.410844,1462.834821
525.761891,1469.856429
526.112884,1446.451071
526.463823,1460.494286
526.814709,1371.553929
527.165541,1418.364643
527.516319,1413.683571
527.867043,1383.256607
528.217713,1432.407857
528.568330,1432.407857
528.918893,1474.537500
529.269401,1394.959286
529.619856,1462.834821
529.970257,1460.494286
530.320604,1455.813214
530.670897,1427.726786
531.021135,1413.683571
531.371320,1448.791607
531.721451,1462.834821
532.071528,1455.813214
532.421551,1423.045714
532.771519,1460.494286
533.121434,1418.364643
533.471294,1376.235000
533.821100,1390.278214
534.170852,1453.472679
534.520550,1437.088929
534.870193,1467.515893
535.219783,1453.472679
535.569318,1444.110536
535.918799,1460.494286
536.268225,1497.942857
536.617597,1437.088929
536.966915,1469.856429
537.316179,1458.153750
537.665388,1514.326607
538.014543,1439.429464
538.363643,1432.407857
538.712689,1427.726786
539.061681,1444.110536
539.410618,1462.834821
539.759501,1458.153750
540.108329,1406.661964
540.457102,1409.002500
540.805821,1469.856429
541.154486,1500.283393
541.503096,1479.218571
541.851651,1533.050893
542.200152,1476.878036
542.548598,1540.072500
542.896989,1495.602321
543.245326,1528.369821
543.593608,1715.612679
543.941835,3513.144107
544.290008,7573.973571
544.638126,12891.670714
544.986189,17692.109464
545.334197,21301.215536
545.682151,24018.577500
546.030049,26012.713929
546.377893,27658.110536
546.725682,28044.298929
547.073416,27110.425179
547.421095,26305.280893
547.768720,24051.345000
548.116289,19639.435179
548.463803,13851.290357
548.811263,8870.630357
549.158667,5331.740357
549.506017,3454.630714
549.853311,2417.773393
550.200550,1870.088036
550.547734,1631.353393
550.894863,1507.305000
551.241937,1568.158929
551.588956,1462.834821
551.935920,1439.429464
552.282829,1451.132143
552.629682,1486.240179
552.976480,1479.218571
553.323223,1413.683571
553.669911,1366.872857
554.016543,1453.472679
554.363120,1469.856429
554.709642,1423.045714
555.056108,1472.196964
555.402520,1469.856429
555.748875,1432.407857
556.095176,1460.494286
556.441421,1481.559107
556.787610,1467.515893
557.133745,1430.067321
557.479823,1476.878036
557.825846,1432.407857
558.171814,1359.851250
558.517726,1418.364643
558.863583,1453.472679
559.209384,1439.429464
559.555130,1441.770000
559.900820,1394.959286
560.246454,1469.856429
560.592033,1497.942857
560.937556,1411.343036
561.283023,1423.045714
561.628435,1409.002500
561.973791,1497.942857
562.319091,1462.834821
562.664336,1469.856429
563.009524,1387.937679
563.354657,1439.429464
563.699735,1451.132143
564.044756,1460.494286
564.389721,1427.726786
564.734631,1397.299821
565.079485,1432.407857
565.424283,1446.451071
565.769025,1413.683571
566.113711,1439.429464
566.458341,1453.472679
566.802915,1430.067321
567.147433,1453.472679
567.491895,1434.748393
567.836301,1481.559107
568.180651,1411.343036
568.524945,1441.770000
568.869183,1439.429464
569.213365,1425.386250
569.557490,1446.451071
569.901560,1448.791607
570.245573,1416.024107
570.589530,1418.364643
570.933431,1369.213393
571.277276,1404.321429
571.621064,1373.894464
571.964797,1380.916071
572.308472,1451.132143
572.652092,1451.132143
572.995655,1448.791607
573.339162,1392.618750
573.682613,1366.872857
574.026007,1465.175357
574.369345,1455.813214
574.712626,1645.396607
575.055851,2066.693036
575.399020,2782.896964
575.742132,3307.176964
576.085187,3939.121607
576.428186,4124.023929
576.771129,4690.433571
577.114015,5385.572679
577.456844,6148.587321
577.799617,6803.937321
578.142333,7449.925179
578.484993,7676.957143
578.827596,7632.486964
579.170142,7159.698750
579.512632,6464.559643
579.855064,5909.852679
580.197441,5586.858750
580.539760,5069.600357
580.882023,4652.985000
581.224229,3901.673036
581.566378,3028.653214
581.908470,2480.967857
582.250505,1996.476964
582.592484,1685.185714
582.934406,1542.413036
583.276270,1453.472679
583.618078,1439.429464
583.959829,1380.916071
584.301523,1451.132143
584.643160,1401.980893
584.984740,1441.770000
585.326263,1439.429464
585.667729,1444.110536
586.009138,1469.856429
586.350490,1423.045714
586.691785,1404.321429
587.033023,1420.705179
587.374203,1434.748393
587.715327,1392.618750
588.056393,1439.429464
588.397402,1416.024107
588.738354,1430.067321
589.079249,1364.532321
589.420086,1404.321429
589.760866,1418.364643
590.101589,1432.407857
590.442255,1432.407857
590.782863,1474.537500
591.123414,1394.959286
591.463908,1404.321429
591.804344,1465.175357
592.144723,1425.386250
592.485044,1399.640357
592.825308,1458.153750
593.165515,1390.278214
593.505664,1401.980893
593.845755,1387.937679
594.185789,1439.429464
594.525766,1399.640357
594.865685,1441.770000
595.205546,1404.321429
595.545350,1362.191786
595.885097,1357.510714
596.224785,1411.343036
596.564416,1406.661964
596.903990,1401.980893
597.243505,1411.343036
597.582963,1451.132143
597.922363,1404.321429
598.261706,1401.980893
598.600991,1383.256607
598.940218,1460.494286
599.279387,1350.489107
599.618498,1413.683571
599.957552,1432.407857
600.296547,1411.343036
600.635485,1387.937679
600.974365,1423.045714
601.313187,1458.153750
601.651951,1458.153750
601.990657,1423.045714
602.329306,1437.088929
602.667896,1430.067321
603.006428,1434.748393
603.344902,1406.661964
603.683318,1458.153750
604.021676,1416.024107
604.359976,1383.256607
604.698218,1434.748393
605.036402,1430.067321
605.374528,1423.045714
605.712595,1448.791607
606.050604,1420.705179
606.388555,1413.683571
606.726448,1423.045714
607.064283,1364.532321
607.402059,1413.683571
607.739777,1345.808036
608.077437,1455.813214
608.415039,1376.235000
608.752582,1439.429464
609.090067,1392.618750
609.427493,1427.726786
609.764861,1416.024107
610.102171,1385.597143
610.439422,1404.321429
610.776615,1411.343036
611.113749,1439.429464
611.450825,1364.532321
611.787842,1411.343036
612.124801,1432.407857
612.461701,1427.726786
612.798543,1488.580714
613.135326,1390.278214
613.472051,1437.088929
613.808717,1441.770000
614.145324,1490.921250
614.481873,1390.278214
614.818363,1432.407857
615.154794,1409.002500
615.491166,1467.515893
615.827480,1427.726786
616.163735,1432.407857
616.499932,1488.580714
616.836069,1390.278214
617.172148,1446.451071
617.508168,1404.321429
617.844129,1425.386250
618.180031,1385.597143
618.515874,1394.959286
618.851658,1425.386250
619.187384,1427.726786
619.523050,1420.705179
619.858658,1399.640357
620.194206,1401.980893
620.529696,1383.256607
620.865127,1425.386250
621.200498,1406.661964
621.535810,1441.770000
621.871064,1427.726786
622.206258,1401.980893
622.541393,1390.278214
622.876469,1378.575536
623.211486,1399.640357
623.546444,1387.937679
623.881342,1390.278214
624.216182,1371.553929
624.550962,1479.218571
624.885682,1507.305000
625.220344,1434.748393
625.554946,1413.683571
625.889489,1399.640357
626.223973,1378.575536
626.558397,1383.256607
626.892762,1406.661964
627.227067,1420.705179
627.561313,1380.916071
627.895500,1427.726786
628.229627,1401.980893
628.563695,1434.748393
628.897703,1401.980893
629.231652,1376.235000
629.565542,1401.980893
629.899371,1380.916071
630.233142,1359.851250
630.566852,1423.045714
630.900503,1387.937679
631.234095,1369.213393
631.567626,1446.451071
631.901099,1380.916071
632.234511,1439.429464
632.567864,1401.980893
632.901157,1427.726786
633.234390,1420.705179
633.567564,1399.640357
633.900678,1441.770000
634.233732,1409.002500
634.566726,1404.321429
634.899660,1366.872857
635.232535,1357.510714
635.565349,1387.937679
635.898104,1348.148571
636.230799,1423.045714
636.563434,1369.213393
636.896009,1387.937679
637.228524,1446.451071
637.560979,1448.791607
637.893375,1404.321429
638.225710,1416.024107
638.557985,1376.235000
638.890200,1439.429464
639.222355,1432.407857
639.554450,1385.597143
639.886484,1352.829643
640.218459,1401.980893
640.550373,1394.959286
640.882228,1439.429464
641.214022,1399.640357
641.545756,1486.240179
641.877429,1376.235000
642.209043,1406.661964
642.540596,1404.321429
642.872089,1387.937679
643.203521,1416.024107
643.534894,1458.153750
643.866205,1432.407857
644.197457,1413.683571
644.528648,1413.683571
644.859779,1392.618750
645.190849,1378.575536
645.521859,1467.515893
645.852809,1394.959286
646.183698,1451.132143
646.514526,1392.618750
646.845294,1397.299821
647.176002,1430.067321
647.506648,1439.429464
647.837235,1334.105357
648.167761,1423.045714
648.498226,1418.364643
648.828630,1378.575536
649.158974,1425.386250
649.489257,1462.834821
649.819480,1404.321429
650.149641,1378.575536
650.479742,1474.537500
650.809783,1399.640357
651.139762,1423.045714
651.469681,1399.640357
651.799539,1411.343036
652.129336,1472.196964
652.459073,1467.515893
652.788748,1406.661964
653.118363,1397.299821
653.447916,1308.359464
653.777409,1359.851250
654.106841,1399.640357
654.436212,1413.683571
654.765522,1376.235000
655.094771,1430.067321
655.423958,1434.748393
655.753085,1383.256607
656.082151,1427.726786
656.411156,1383.256607
656.740100,1385.597143
657.068982,1430.067321
657.397803,1364.532321
657.726564,1359.851250
658.055263,1418.364643
658.383901,1458.153750
658.712478,1409.002500
659.040993,1390.278214
659.369447,1444.110536
659.697840,1390.278214
660.026172,1394.959286
660.354442,1434.748393
660.682652,1425.386250
661.010799,1441.770000
661.338886,1350.489107
661.666911,1385.597143
661.994874,1430.067321
662.322777,1373.894464
662.650617,1425.386250
662.978397,1376.235000
663.306115,1476.878036
663.633771,1416.024107
663.961366,1355.170179
664.288899,1348.148571
664.616371,1409.002500
664.943781,1394.959286
665.271130,1373.894464
665.598417,1423.045714
665.925642,1467.515893
666.252806,1453.472679
666.579908,1453.472679
666.906949,1474.537500
667.233927,1394.959286
667.560844,1511.986071
667.887700,1430.067321
668.214493,1460.494286
668.541225,1537.731964
668.867895,1472.196964
669.194503,1472.196964
669.521049,1469.856429
669.847534,1444.110536
670.173956,1427.726786
670.500317,1390.278214
670.826616,1392.618750
671.152852,1401.980893
671.479027,1387.937679
671.805140,1437.088929
672.131191,1409.002500
672.457180,1448.791607
672.783107,1406.661964
673.108972,1425.386250
673.434774,1418.364643
673.760515,1446.451071
674.086194,1441.770000
674.411810,1444.110536
674.737364,1411.343036
675.062856,1411.343036
675.388286,1441.770000
675.713654,1406.661964
676.038960,1401.980893
676.364203,1469.856429
676.689384,1394.959286
677.014503,1432.407857
677.339559,1460.494286
677.664554,1399.640357
677.989485,1359.851250
678.314355,1399.640357
678.639162,1430.067321
678.963907,1366.872857
679.288589,1441.770000
679.613209,1369.213393
679.937766,1420.705179
680.262261,1366.872857
680.586694,1409.002500
680.911064,1420.705179
681.235371,1383.256607
681.559616,1451.132143
681.883798,1359.851250
682.207918,1399.640357
682.531975,1437.088929
682.855970,1416.024107
683.179902,1411.343036
683.503771,1369.213393
683.827578,1404.321429
684.151322,1390.278214
684.475003,1373.894464
684.798621,1441.770000
685.122177,1380.916071
685.445670,1430.067321
685.769100,1411.343036
686.092467,1420.705179
686.415771,1420.705179
686.739013,1460.494286
687.062192,1404.321429
687.385308,1399.640357
687.708361,1472.196964
688.031351,1444.110536
688.354278,1390.278214
688.677142,1474.537500
688.999943,1446.451071
689.322681,1460.494286
689.645356,1406.661964
689.967968,1423.045714
690.290517,1458.153750
690.613003,1455.813214
690.935426,1444.110536
691.257786,1453.472679
691.580082,1453.472679
691.902315,1420.705179
692.224486,1427.726786
692.546593,1427.726786
692.868636,1434.748393
693.190617,1437.088929
693.512534,1544.753571
693.834388,1699.228929
694.156179,2441.178750
694.477907,3389.095714
694.799571,3971.889107
695.121172,4732.563214
695.442709,5228.756786
695.764183,5523.664286
696.085594,5944.960714
696.406941,6050.284821
696.728224,6076.030714
697.049445,6258.592500
697.370602,6038.582143
697.691695,5886.447321
698.012725,5320.037679
698.333691,4334.672143
698.654594,3714.430179
698.975433,3276.750000
699.296208,2972.480357
699.616920,2595.654107
699.937568,2370.962679
700.258153,2200.103571
700.578674,1942.644643
700.899131,1720.293750
701.219525,1589.223750
701.539854,1467.515893
701.860120,1451.132143
702.180323,1448.791607
702.500461,1434.748393
702.820536,1483.899643
703.140547,1416.024107
703.460494,1439.429464
703.780377,1420.705179
704.100196,1537.731964
704.419951,1771.785536
704.739643,1902.855536
705.059270,2080.736250
705.378834,2164.995536
705.698333,2289.043929
706.017769,2310.108750
706.337140,2382.665357
706.656448,2361.600536
706.975691,2441.178750
707.294871,2427.135536
707.613986,2373.303214
707.933037,2324.151964
708.252024,2211.806250
708.570947,2085.417321
708.889805,1928.601429
709.208600,1715.612679
709.527330,1785.828750
709.845996,1755.401786
710.164598,1652.418214
710.483136,1579.861607
710.801609,1579.861607
711.120018,1516.667143
711.438362,1465.175357
711.756643,1418.364643
712.074859,1453.472679
712.393010,1453.472679
712.711097,1490.921250
713.029120,1544.753571
713.347078,1542.413036
713.664972,1479.218571
713.982801,1586.883214
714.300566,1554.115714
714.618266,1509.645536
714.935902,1572.840000
715.253473,1598.585893
715.570980,1589.223750
715.888422,1568.158929
716.205800,1561.137321
716.523112,1549.434643
716.840361,1460.494286
717.157544,1453.472679
717.474663,1392.618750
717.791717,1437.088929
718.108706,1369.213393
718.425631,1446.451071
718.742491,1439.429464
719.059286,1399.640357
719.376016,1444.110536
719.692681,1380.916071
720.009282,1425.386250
720.325818,1425.386250
720.642289,1385.597143
720.958695,1404.321429
721.275036,1423.045714
721.591312,1385.597143
721.907523,1383.256607
722.223669,1446.451071
722.539750,1390.278214
722.855766,1432.407857
723.171718,1392.618750
723.487604,1453.472679
723.803425,1451.132143
724.119180,1399.640357
724.434871,1469.856429
724.750497,1657.099286
725.066057,1781.147679
725.381553,1823.277321
725.696983,1949.666250
726.012348,2010.520179
726.327648,2036.266071
726.642882,2139.249643
726.958051,2218.827857
727.273155,2216.487321
727.588194,2202.444107
727.903167,2193.081964
728.218075,2193.081964
728.532918,2118.184821
728.847695,1966.050000
729.162407,1856.044821
729.477053,1785.828750
729.791634,1739.018036
730.106150,1675.823571
730.420600,1675.823571
730.734985,1624.331786
731.049304,1600.926429
731.363557,1582.202143
731.677745,1514.326607
731.991867,1439.429464
732.305924,1425.386250
732.619915,1397.299821
732.933841,1411.343036
733.247701,1446.451071
733.561495,1416.024107
733.875224,1493.261786
734.188887,1434.748393
734.502484,1514.326607
734.816015,1458.153750
735.129481,1446.451071
735.442881,1533.050893
735.756215,1755.401786
736.069483,1912.217679
736.382686,2106.482143
736.695822,2277.341250
737.008893,2403.730179
737.321898,2452.881429
737.634836,2480.967857
737.947709,2612.037857
738.260516,2761.832143
738.573257,2806.302321
738.885932,2731.405179
739.198541,2607.356786
739.511084,2530.119107
739.823561,2399.049107
740.135972,2181.379286
740.448317,2073.714643
740.760596,2054.990357
741.072808,1940.304107
741.384955,1902.855536
741.697035,1842.001607
742.009049,1710.931607
742.320997,1654.758750
742.632878,1551.775179
742.944694,1514.326607
743.256443,1533.050893
743.568126,1448.791607
743.879742,1451.132143
744.191292,1500.283393
744.502776,1446.451071
744.814194,1451.132143
745.125545,1404.321429
745.436830,1495.602321
745.748048,1495.602321
746.059200,1432.407857
746.370286,1439.429464
746.681305,1476.878036
746.992257,1476.878036
747.303143,1664.120893
747.613963,2015.201250
747.924716,2562.886607
748.235402,2956.096607
748.546022,3515.484643
748.856575,4088.915893
749.167061,4624.898571
749.477481,5090.665179
749.787835,5497.918393
750.098121,5841.977143
750.408341,6047.944286
750.718494,6324.127500
751.028581,6366.257143
751.338600,6031.560536
751.648553,5741.334107
751.958439,5308.335000
752.268259,5015.768036
752.578011,4538.298750
752.887697,4063.170000
753.197315,3875.927143
753.506867,3499.100893
753.816352,3300.155357
754.125770,2977.161429
754.435121,2766.513214
754.744405,2502.032679
755.053622,2228.190000
755.362772,1989.455357
755.671855,1872.428571
755.980871,1668.801964
756.289820,1565.818393
756.598702,1519.007679
756.907517,1495.602321
757.216264,1502.623929
757.524945,1399.640357
757.833558,1448.791607
758.142104,1458.153750
758.450583,1448.791607
758.758995,1481.559107
759.067340,1427.726786
759.375617,1497.942857
759.683827,1458.153750
759.991969,1575.180536
760.300045,1776.466607
760.608053,2399.049107
760.915994,3363.349821
761.223867,4224.666964
761.531673,5167.902857
761.839411,6005.814643
762.147082,6375.619286
762.454686,7159.698750
762.762222,7908.670179
763.069691,8376.777321
763.377092,8753.603571
763.684426,8800.414286
763.991692,8667.003750
764.298890,8456.355536
764.606021,8025.696964
764.913085,7197.147321
765.220080,6310.084286
765.527009,5806.869107
765.833869,5387.913214
766.140662,4781.714464
766.447387,4397.866607
766.754044,4070.191607
767.060634,3695.705893
767.367156,3391.436250
767.673610,3049.718036
767.979996,2569.908214
768.286315,2223.508929
768.592565,1919.239286
768.898748,1685.185714
769.204863,1647.737143
769.510910,1919.239286
769.816889,2179.038750
770.122801,2450.540893
770.428644,2703.318750
770.734419,3138.658393
771.040127,3258.025714
771.345766,3583.360179
771.651337,3775.284107
771.956841,3918.056786
772.262276,3941.462143
772.567643,4128.705000
772.872942,4126.364464
773.178173,3981.251250
773.483336,3929.759464
773.788430,3686.343750
774.093457,3435.906429
774.398415,3084.826071
774.703305,2951.415536
775.008127,2745.448393
775.312881,2527.778571
775.617566,2445.859821
775.922183,2455.221964
776.226732,2270.319643
776.531212,2047.968750
776.835624,1968.390536
777.139968,1760.082857
777.444243,1652.418214
777.748450,1549.434643
778.052588,1446.451071
778.356658,1493.261786
778.660660,1399.640357
778.964593,1392.618750
779.268457,1483.899643
779.572253,1397.299821
779.875981,1376.235000
780.179640,1467.515893
780.483230,1434.748393
780.786752,1420.705179
781.090205,1413.683571
781.393590,1383.256607
781.696906,1418.364643
782.000153,1448.791607
782.303331,1404.321429
782.606441,1434.748393
782.909482,1380.916071
783.212454,1406.661964
783.515358,1427.726786
783.818193,1472.196964
784.120959,1495.602321
784.423656,1451.132143
784.726284,1406.661964
785.028843,1420.705179
785.331334,1444.110536
785.633756,1446.451071
785.936108,1406.661964
786.238392,1413.683571
786.540607,1406.661964
786.842753,1387.937679
787.144830,1404.321429
787.446837,1430.067321
787.748776,1366.872857
788.050646,1394.959286
788.352447,1371.553929
788.654178,1357.510714
788.955841,1406.661964
789.257434,1411.343036
789.558958,1413.683571
789.860413,1383.256607
790.161799,1394.959286
790.463115,1385.597143
790.764363,1357.510714
791.065541,1420.705179
791.366650,1437.088929
791.667689,1444.110536
791.968659,1523.688750
792.269560,1577.521071
792.570392,1629.012857
792.871154,1685.185714
793.171847,1888.812321
793.472470,1909.877143
793.773025,1996.476964
794.073509,2022.222857
794.373924,2150.952321
794.674270,2146.271250
794.974546,2083.076786
795.274753,2242.233214
795.574890,2197.763036
795.874957,2204.784643
796.174955,2118.184821
796.474884,2071.374107
796.774742,2057.330893
797.074532,2019.882321
797.374251,2012.860714
797.673901,1935.623036
797.973481,1888.812321
798.272991,1919.239286
798.572432,1947.325714
798.871803,2066.693036
799.171104,2253.935893
799.470336,2221.168393
799.769497,2310.108750
800.068589,2448.200357
800.367611,2396.708571
800.666563,2572.248750
800.965445,2572.248750
801.264258,2628.421607
801.563000,2663.529643
801.861673,2724.383571
802.160275,2698.637679
802.458808,2576.929821
802.757270,2480.967857
803.055663,2478.627321
803.353985,2296.065536
803.652237,2263.298036
803.950420,2162.655000
804.248532,2120.525357
804.546574,2010.520179
804.844546,1975.412143
805.142448,1832.639464
805.440280,1753.061250
805.738041,1715.612679
806.035733,1645.396607
806.333354,1610.288571
806.630905,1514.326607
806.928385,1516.667143
807.225796,1460.494286
807.523136,1439.429464
807.820405,1537.731964
808.117605,1533.050893
808.414734,1577.521071
808.711792,1739.018036
809.008781,1872.428571
809.305698,2104.141607
809.602546,2265.638571
809.899323,2392.027500
810.196029,2567.567679
810.492665,2726.724107
810.789231,2932.691250
811.085725,3140.998929
811.382150,3234.620357
811.678504,3283.771607
811.974787,3398.457857
812.270999,3323.560714
812.567141,3276.750000
812.863213,3171.425893
813.159213,3143.339464
813.455143,3052.058571
813.751003,2829.707679
814.046791,2722.043036
814.342509,2672.891786
814.638156,2455.221964
814.933732,2260.957500
815.229238,2139.249643
815.524672,2062.011964
815.820036,1975.412143
816.115329,1832.639464
816.410551,1696.888393
816.705703,1673.483036
817.000783,1519.007679
817.295792,1430.067321
817.590731,1472.196964
817.885598,1392.618750
818.180394,1409.002500
818.475120,1399.640357
818.769774,1397.299821
819.064358,1444.110536
819.358870,1430.067321
819.653311,1413.683571
819.947681,1430.067321
820.241980,1437.088929
820.536208,1420.705179
820.830365,1432.407857
821.124450,1390.278214
821.418464,1373.894464
821.712407,1376.235000
822.006279,1423.045714
822.300080,1434.748393
822.593809,1383.256607
822.887467,1392.618750
823.181054,1343.467500
823.474569,1425.386250
823.768013,1430.067321
824.061386,1418.364643
824.354687,1462.834821
824.647917,1579.861607
824.941075,1603.266964
825.234162,1640.715536
825.527178,1790.509821
825.820122,1776.466607
826.112994,1863.066429
826.405795,1963.709464
826.698524,1998.817500
826.991182,2092.438929
827.283768,2083.076786
827.576283,2129.887500
827.868726,2195.422500
828.161097,2181.379286
828.453397,2195.422500
828.745625,2207.125179
829.037781,2115.844286
829.329866,2026.903929
829.621879,1984.774286
829.913820,1933.282500
830.205689,1879.450179
830.497487,1849.023214
830.789213,1720.293750
831.080867,1715.612679
831.372449,1671.142500
831.663959,1526.029286
831.955397,1444.110536
832.246764,1404.321429
832.538058,1418.364643
832.829281,1392.618750
833.120431,1427.726786
833.411510,1401.980893
833.702516,1397.299821
833.993451,1380.916071
834.284313,1404.321429
834.575104,1383.256607
834.865822,1420.705179
835.156468,1364.532321
835.447042,1348.148571
835.737544,1371.553929
836.027974,1362.191786
836.318332,1383.256607
836.608617,1380.916071
836.898830,1373.894464
837.188971,1399.640357
837.479040,1427.726786
837.769037,1416.024107
838.058961,1416.024107
838.348813,1453.472679
838.638592,1369.213393
838.928299,1418.364643
839.217934,1387.937679
839.507497,1371.553929
839.796987,1490.921250
840.086404,1537.731964
840.375749,1638.375000
840.665022,1551.775179
840.954222,1617.310179
841.243350,1685.185714
841.532405,1790.509821
841.821388,1844.342143
842.110298,1963.709464
842.399135,2019.882321
842.687900,2033.925536
842.976593,2045.628214
843.265212,2092.438929
843.553759,2235.211607
843.842233,2244.573750
844.130635,2239.892679
844.418964,2106.482143
844.707220,2118.184821
844.995404,2179.038750
845.283514,2003.498571
845.571552,2001.158036
845.859517,1905.196071
846.147409,1774.126071
846.435229,1701.569464
846.722975,1661.780357
847.010649,1664.120893
847.298249,1600.926429
847.585777,1472.196964
847.873232,1490.921250
848.160614,1418.364643
848.447923,1474.537500
848.735159,1462.834821
849.022322,1439.429464
849.309411,1437.088929
849.596428,1401.980893
849.883372,1430.067321
850.170242,1394.959286
850.457040,1416.024107
850.743764,1479.218571
851.030415,1362.191786
851.316993,1481.559107
851.603498,1439.429464
851.889930,1404.321429
852.176288,1392.618750
852.462573,1490.921250
852.748785,1469.856429
853.034924,1511.986071
853.320989,1533.050893
853.606981,1575.180536
853.892900,1523.688750
854.178745,1554.115714
854.464517,1504.964464
854.750215,1563.477857
855.035840,1626.672321
855.321392,1584.542679
855.606870,1544.753571
855.892275,1472.196964
856.177606,1535.391429
856.462863,1451.132143
856.748047,1497.942857
857.033158,1479.218571
857.318195,1444.110536
857.603158,1409.002500
857.888048,1432.407857
858.172864,1467.515893
858.457606,1390.278214
858.742275,1423.045714
859.026870,1418.364643
859.311392,1380.916071
859.595839,1371.553929
859.880213,1425.386250
860.164513,1392.618750
860.448740,1373.894464
860.732892,1371.553929
861.016971,1411.343036
861.300976,1406.661964
861.584907,1444.110536
861.868764,1413.683571
862.152547,1383.256607
862.436257,1411.343036
862.719892,1427.726786
863.003453,1366.872857
863.286941,1387.937679
863.570354,1434.748393
863.853694,1392.618750
864.136959,1416.024107
864.420150,1397.299821
864.703268,1411.343036
864.986311,1411.343036
865.269280,1441.770000
865.552175,1416.024107
865.834996,1413.683571
866.117742,1357.510714
866.400415,1413.683571
866.683013,1418.364643
866.965537,1409.002500
867.247986,1432.407857
867.530362,1401.980893
867.812663,1385.597143
868.094890,1413.683571
868.377043,1399.640357
868.659121,1383.256607
868.941125,1406.661964
869.223054,1359.851250
869.504909,1380.916071
869.786690,1413.683571
870.068396,1451.132143
870.350028,1437.088929
870.631585,1418.364643
870.913068,1373.894464
871.194476,1387.937679
871.475810,1423.045714
871.757069,1378.575536
872.038254,1399.640357
872.319364,1425.386250
872.600399,1411.343036
872.881360,1413.683571
873.162246,1336.445893
873.443058,1437.088929
873.723794,1444.110536
874.004456,1460.494286
874.285044,1399.640357
874.565556,1394.959286
874.845994,1345.808036
875.126357,1465.175357
875.406646,1423.045714
875.686859,1413.683571
