185.249277910843
185.628508231664
186.007710539783
186.386884821463
186.766031062968
187.145149250564
187.524239370513
187.903301409081
188.282335352530
188.661341187127
189.040318899134
189.419268474815
189.798189900436
190.177083162260
190.555948246551
190.934785139574
191.313593827592
191.692374296871
192.071126533673
192.449850524263
192.828546254906
193.207213711865
193.585852881405
193.964463749790
194.343046303284
194.721600528151
195.100126410655
195.478623937061
195.857093093632
196.235533866634
196.613946242329
196.992330206982
197.370685746858
197.749012848221
198.127311497334
198.505581680462
198.883823383869
199.262036593819
199.640221296577
200.018377478406
200.396505125571
200.774604224336
201.152674760964
201.530716721721
201.908730092871
202.286714860677
202.664671011403
203.042598531315
203.420497406676
203.798367623749
204.176209168801
204.554022028093
204.931806187892
205.309561634460
205.687288354063
206.064986332964
206.442655557427
206.820296013716
207.197907688097
207.575490566832
207.953044636187
208.330569882424
208.708066291810
209.085533850606
209.462972545079
209.840382361491
210.217763286108
210.595115305192
210.972438405009
211.349732571823
211.726997791898
212.104234051497
212.481441336886
212.858619634328
213.235768930087
213.612889210428
213.989980461615
214.367042669911
214.744075821582
215.121079902891
215.498054900103
215.875000799481
216.251917587290
216.628805249793
217.005663773256
217.382493143943
217.759293348117
218.136064372042
218.512806201983
218.889518824204
219.266202224970
219.642856390543
220.019481307189
220.396076961172
220.772643338756
221.149180426204
221.525688209782
221.902166675753
222.278615810381
222.655035599932
223.031426030668
223.407787088853
223.784118760754
224.160421032632
224.536693890753
224.912937321381
225.289151310779
225.665335845213
226.041490910945
226.417616494241
226.793712581365
227.169779158580
227.545816212151
227.921823728342
228.297801693418
228.673750093641
229.049668915277
229.425558144590
229.801417767844
230.177247771303
230.553048141230
230.928818863892
231.304559925551
231.680271312471
232.055953010918
232.431605007154
232.807227287445
233.182819838054
233.558382645245
233.933915695284
234.309418974433
234.684892468957
235.060336165121
235.435750049187
235.811134107422
236.186488326088
236.561812691450
236.937107189772
237.312371807319
237.687606530353
238.062811345141
238.437986237945
238.813131195030
239.188246202660
239.563331247099
239.938386314612
240.313411391462
240.688406463914
241.063371518232
241.438306540680
241.813211517523
242.188086435023
242.562931279447
242.937746037057
243.312530694118
243.687285236894
244.062009651649
244.436703924648
244.811368042155
245.186001990433
245.560605755747
245.935179324361
246.309722682540
246.684235816547
247.058718712647
247.433171357103
247.807593736180
248.181985836143
248.556347643255
248.930679143780
249.304980323983
249.679251170128
250.053491668478
250.427701805299
250.801881566854
251.176030939408
251.550149909224
251.924238462567
252.298296585701
252.672324264890
253.046321486399
253.420288236491
253.794224501430
254.168130267482
254.542005520909
254.915850247977
255.289664434949
255.663448068089
256.037201133662
256.410923617932
256.784615507163
257.158276787619
257.531907445565
257.905507467264
258.279076838980
258.652615546979
259.026123577523
259.399600916878
259.773047551307
260.146463467075
260.519848650445
260.893203087682
261.266526765050
261.639819668813
262.013081785236
262.386313100582
262.759513601116
263.132683273102
263.505822102804
263.878930076486
264.252007180412
264.625053400847
264.998068724055
265.371053136299
265.744006623845
266.116929172956
266.489820769896
266.862681400930
267.235511052321
267.608309710335
267.981077361234
268.353813991284
268.726519586748
269.099194133891
269.471837618976
269.844450028268
270.217031348032
270.589581564530
270.962100664028
271.334588632790
271.707045457079
272.079471123160
272.451865617298
272.824228925755
273.196561034797
273.568861930688
273.941131599691
274.313370028072
274.685577202093
275.057753108020
275.429897732116
275.802011060646
276.174093079873
276.546143776063
276.918163135478
277.290151144384
277.662107789044
278.034033055723
278.405926930685
278.777789400193
279.149620450513
279.521420067908
279.893188238643
280.264924948981
280.636630185187
281.008303933525
281.379946180259
281.751556911653
282.123136113972
282.494683773479
282.866199876439
283.237684409116
283.609137357775
283.980558708678
284.351948448092
284.723306562278
285.094633037503
285.465927860030
285.837191016122
286.208422492045
286.579622274063
286.950790348439
287.321926701438
287.693031319324
288.064104188362
288.435145294814
288.806154624946
289.177132165022
289.548077901306
289.918991820061
290.289873907553
290.660724150045
291.031542533802
291.402329045087
291.773083670165
292.143806395301
292.514497206757
292.885156090799
293.255783033690
293.626378021695
293.996941041078
294.367472078103
294.737971119034
295.108438150135
295.478873157671
295.849276127906
296.219647047104
296.589985901528
296.960292677444
297.330567361116
297.700809938806
298.071020396781
298.441198721303
298.811344898638
299.181458915048
299.551540756800
299.921590410155
300.291607861380
300.661593096737
301.031546102491
301.401466864907
301.771355370248
302.141211604779
302.511035554763
302.880827206465
303.250586546150
303.620313560080
303.990008234521
304.359670555737
304.729300509991
305.098898083548
305.468463262673
305.837996033628
306.207496382679
306.576964296090
306.946399760125
307.315802761047
307.685173285121
308.054511318612
308.423816847783
308.793089858899
309.162330338224
309.531538272021
309.900713646556
310.269856448092
310.638966662893
311.008044277224
311.377089277349
311.746101649532
312.115081380037
312.484028455128
312.852942861070
313.221824584126
313.590673610561
313.959489926639
314.328273518624
314.697024372781
315.065742475373
315.434427812665
315.803080370920
316.171700136403
316.540287095379
316.908841234111
317.277362538864
317.645850995901
318.014306591486
318.382729311885
318.751119143362
319.119476072179
319.487800084602
319.856091166894
320.224349305321
320.592574486145
320.960766695632
321.328925920045
321.697052145648
322.065145358706
322.433205545483
322.801232692243
323.169226785251
323.537187810769
323.905115755063
324.273010604397
324.640872345035
325.008700963240
325.376496445278
325.744258777413
326.111987945907
326.479683937027
326.847346737035
327.214976332197
327.582572708775
327.950135853035
328.317665751241
328.685162389656
329.052625754545
329.420055832172
329.787452608802
330.154816070698
330.522146204124
330.889442995345
331.256706430625
331.623936496228
331.991133178419
332.358296463460
332.725426337618
333.092522787155
333.459585798336
333.826615357425
334.193611450686
334.560574064384
334.927503184782
335.294398798145
335.661260890737
336.028089448822
336.394884458664
336.761645906528
337.128373778677
337.495068061376
337.861728740889
338.228355803480
338.594949235414
338.961509022954
339.328035152364
339.694527609909
340.060986381854
340.427411454461
340.793802813995
341.160160446721
341.526484338903
341.892774476805
342.259030846690
342.625253434823
342.991442227469
343.357597210891
343.723718371354
344.089805695122
344.455859168459
344.821878777629
345.187864508896
345.553816348524
345.919734282778
346.285618297922
346.651468380221
347.017284515937
347.383066691335
347.748814892680
348.114529106236
348.480209318266
348.845855515036
349.211467682808
349.577045807848
349.942589876420
350.308099874787
350.673575789214
351.039017605965
351.404425311304
351.769798891495
352.135138332803
352.500443621492
352.865714743825
353.230951686068
353.596154434484
353.961322975337
354.326457294891
354.691557379412
355.056623215162
355.421654788406
355.786652085408
356.151615092433
356.516543795744
356.881438181606
357.246298236283
357.611123946039
357.975915297138
358.340672275844
358.705394868422
359.070083061136
359.434736840250
359.799356192027
360.163941102733
360.528491558631
360.893007545986
361.257489051062
361.621936060122
361.986348559432
362.350726535254
362.715069973855
363.079378861496
363.443653184444
363.807892928961
364.172098081312
364.536268627762
364.900404554574
365.264505848013
365.628572494342
365.992604479826
366.356601790730
366.720564413317
367.084492333851
367.448385538596
367.812244013818
368.176067745779
368.539856720745
368.903610924978
369.267330344745
369.631014966307
369.994664775931
370.358279759879
370.721859904417
371.085405195808
371.448915620316
371.812391164206
372.175831813742
372.539237555188
372.902608374807
373.265944258866
373.629245193626
373.992511165353
374.355742160311
374.718938164764
375.082099164976
375.445225147212
375.808316097735
376.171372002809
376.534392848699
376.897378621670
377.260329307984
377.623244893907
377.986125365702
378.348970709634
378.711780911967
379.074555958964
379.437295836891
379.800000532011
380.162670030589
380.525304318888
380.887903383174
381.250467209709
381.612995784758
381.975489094586
382.337947125456
382.700369863633
383.062757295380
383.425109406963
383.787426184645
384.149707614690
384.511953683363
384.874164376928
385.236339681648
385.598479583788
385.960584069613
386.322653125386
386.684686737371
387.046684891833
387.408647575036
387.770574773244
388.132466472721
388.494322659732
388.856143320540
389.217928441410
389.579678008606
389.941392008392
390.303070427032
390.664713250790
391.026320465931
391.387892058719
391.749428015417
392.110928322291
392.472392965603
392.833821931620
393.195215206604
393.556572776819
393.917894628530
394.279180748002
394.640431121498
395.001645735282
395.362824575619
395.723967628772
396.085074881007
396.446146318586
396.807181927775
397.168181694837
397.529145606037
397.890073647638
398.250965805906
398.611822067103
398.972642417495
399.333426843345
399.694175330918
400.054887866478
400.415564436288
400.776205026614
401.136809623719
401.497378213867
401.857910783323
402.218407318351
402.578867805214
402.939292230178
403.299680579506
403.660032839463
404.020348996312
404.380629036318
404.740872945745
405.101080710857
405.461252317919
405.821387753193
406.181487002946
406.541550053440
406.901576890940
407.261567501711
407.621521872015
407.981439988119
408.341321836284
408.701167402777
409.060976673861
409.420749635800
409.780486274858
410.140186577299
410.499850529389
410.859478117390
411.219069327567
411.578624146184
411.938142559506
412.297624553796
412.657070115318
413.016479230338
413.375851885119
413.735188065925
414.094487759020
414.453750950668
414.812977627135
415.172167774683
415.531321379577
415.890438428081
416.249518906460
416.608562800978
416.967570097897
417.326540783484
417.685474844002
418.044372265715
418.403233034888
418.762057137784
419.120844560667
419.479595289803
419.838309311455
420.196986611886
420.555627177363
420.914230994147
421.272798048505
421.631328326699
421.989821814995
422.348278499655
422.706698366945
423.065081403129
423.423427594470
423.781736927234
424.140009387683
424.498244962082
424.856443636696
425.214605397789
425.572730231624
425.930818124466
426.288869062580
426.646883032228
427.004860019676
427.362800011188
427.720702993027
428.078568951458
428.436397872745
428.794189743153
429.151944548945
429.509662276385
429.867342911739
430.224986441269
430.582592851240
430.940162127917
431.297694257563
431.655189226443
432.012647020820
432.370067626960
432.727451031125
433.084797219581
433.442106178591
433.799377894420
434.156612353332
434.513809541590
434.870969445460
435.228092051205
435.585177345090
435.942225313378
436.299235942334
436.656209218222
437.013145127306
437.370043655850
437.726904790119
438.083728516377
438.440514820887
438.797263689914
439.153975109723
439.510649066576
439.867285546740
440.223884536476
440.580446022051
440.936969989728
441.293456425771
441.649905316444
442.006316648012
442.362690406738
442.719026578887
443.075325150724
443.431586108511
443.787809438514
444.143995126996
444.500143160222
444.856253524456
445.212326205961
445.568361191003
445.924358465846
446.280318016753
446.636239829988
446.992123891817
447.347970188502
447.703778706309
448.059549431501
448.415282350342
448.770977449097
449.126634714031
449.482254131406
449.837835687487
450.193379368539
450.548885160825
450.904353050610
451.259783024158
451.615175067733
451.970529167599
452.325845310021
452.681123481262
453.036363667587
453.391565855259
453.746730030544
454.101856179705
454.456944289007
454.811994344713
455.167006333087
455.521980240395
455.876916052900
456.231813756866
456.586673338557
456.941494784238
457.296278080173
457.651023212625
458.005730167860
458.360398932141
458.715029491733
459.069621832899
459.424175941903
459.778691805011
460.133169408486
460.487608738592
460.842009781593
461.196372523754
461.550696951339
461.904983050612
462.259230807837
462.613440209278
462.967611241200
463.321743889866
463.675838141542
464.029893982489
464.383911398975
464.737890377261
465.091830903613
465.445732964294
465.799596545570
466.153421633703
466.507208214959
466.860956275600
467.214665801892
467.568336780099
467.921969196485
468.275563037314
468.629118288849
468.982634937357
469.336112969099
469.689552370341
470.042953127347
470.396315226381
470.749638653708
471.102923395590
471.456169438293
471.809376768081
472.162545371217
472.515675233967
472.868766342594
473.221818683362
473.574832242535
473.927807006378
474.280742961156
474.633640093131
474.986498388568
475.339317833732
475.692098414886
476.044840118294
476.397542930222
476.750206836933
477.102831824691
477.455417879760
477.807964988405
478.160473136889
478.512942311478
478.865372498434
479.217763684023
479.570115854508
479.922428996153
480.274703095223
480.626938137983
480.979134110695
481.331290999624
481.683408791035
482.035487471191
482.387527026357
482.739527442797
483.091488706775
483.443410804555
483.795293722402
484.147137446579
484.498941963351
484.850707258982
485.202433319736
485.554120131877
485.905767681670
486.257375955378
486.608944939266
486.960474619597
487.311964982637
487.663416014649
488.014827701898
488.366200030647
488.717532987161
489.068826557704
489.420080728540
489.771295485933
490.122470816148
490.473606705448
490.824703140098
491.175760106362
491.526777590504
491.877755578788
492.228694057479
492.579593012840
492.930452431136
493.281272298632
493.632052601590
493.982793326275
494.333494458952
494.684155985885
495.034777893337
495.385360167574
495.735902794858
496.086405761455
496.436869053628
496.787292657642
497.137676559761
497.488020746249
497.838325203369
498.188589917388
498.538814874567
498.889000061172
499.239145463468
499.589251067717
499.939316860184
500.289342827133
500.639328954829
500.989275229536
501.339181637518
501.689048165038
502.038874798362
502.388661523753
502.738408327476
503.088115195794
503.437782114972
503.787409071274
504.136996050964
504.486543040307
504.836050025566
505.185516993006
505.534943928890
505.884330819484
506.233677651051
506.582984409855
506.932251082161
507.281477654232
507.630664112334
507.979810442729
508.328916631683
508.677982665458
509.027008530321
509.375994212534
509.724939698362
510.073844974069
510.422710025919
510.771534840177
511.120319403106
511.469063700971
511.817767720036
512.166431446565
512.515054866822
512.863637967072
513.212180733578
513.560683152605
513.909145210416
514.257566893277
514.605948187451
514.954289079203
515.302589554795
515.650849600494
515.999069202563
516.347248347266
516.695387020867
517.043485209630
517.391542899820
517.739560077701
518.087536729536
518.435472841591
518.783368400129
519.131223391415
519.479037801712
519.826811617285
520.174544824398
520.522237409314
520.869889358299
521.217500657617
521.565071293531
521.912601252306
522.260090520206
522.607539083495
522.954946928438
523.302314041297
523.649640408339
523.996926015826
524.344170850023
524.691374897194
525.038538143604
525.385660575516
525.732742179194
526.079782940904
526.426782846908
526.773741883472
527.120660036859
527.467537293333
527.814373639159
528.161169060601
528.507923543923
528.854637075389
529.201309641263
529.547941227810
529.894531821293
530.241081407978
530.587589974127
530.934057506005
531.280483989877
531.626869412006
531.973213758657
532.319517016094
532.665779170581
533.012000208381
533.358180115761
533.704318878983
534.050416484311
534.396472918010
534.742488166345
535.088462215578
535.434395051975
535.780286661799
536.126137031316
536.471946146788
536.817713994479
537.163440560656
537.509125831580
537.854769793517
538.200372432731
538.545933735486
538.891453688046
539.236932276674
539.582369487637
539.927765307197
540.273119721618
540.618432717166
540.963704280103
541.308934396695
541.654123053205
541.999270235898
542.344375931037
542.689440124887
543.034462803713
543.379443953777
543.724383561345
544.069281612681
544.414138094048
544.758952991711
545.103726291935
545.448457980982
545.793148045118
546.137796470607
546.482403243712
546.826968350698
547.171491777830
547.515973511370
547.860413537584
548.204811842736
548.549168413089
548.893483234908
549.237756294458
549.581987578001
549.926177071803
550.270324762128
550.614430635240
550.958494677402
551.302516874879
551.646497213936
551.990435680837
552.334332261844
552.678186943224
553.021999711240
553.365770552156
553.709499452236
554.053186397744
554.396831374945
554.740434370103
555.083995369482
555.427514359346
555.770991325959
556.114426255586
556.457819134491
556.801169948937
557.144478685189
557.487745329511
557.830969868168
558.174152287423
558.517292573541
558.860390712786
559.203446691422
559.546460495712
559.889432111923
560.232361526316
560.575248725158
560.918093694711
561.260896421240
561.603656891009
561.946375090283
562.289051005325
562.631684622400
562.974275927771
563.316824907704
563.659331548462
564.001795836309
564.344217757510
564.686597298328
565.028934445029
565.371229183875
565.713481501132
566.055691383063
566.397858815932
566.739983786004
567.082066279543
567.424106282813
567.766103782078
568.108058763603
568.449971213651
568.791841118487
569.133668464375
569.475453237579
569.817195424363
570.158895010991
570.500551983728
570.842166328838
571.183738032584
571.525267081232
571.866753461045
572.208197158287
572.549598159223
572.890956450116
573.232272017232
573.573544846834
573.914774925185
574.255962238552
574.597106773196
574.938208515384
575.279267451378
575.620283567444
575.961256849845
576.302187284845
576.643074858709
576.983919557700
577.324721368084
577.665480276123
578.006196268083
578.346869330228
578.687499448820
579.028086610126
579.368630800409
579.709132005933
580.049590212961
580.390005407760
580.730377576592
581.070706705722
581.410992781414
581.751235789932
582.091435717540
582.431592550503
582.771706275084
583.111776877548
583.451804344159
583.791788661181
584.131729814878
584.471627791515
584.811482577356
585.151294158664
585.491062521705
585.830787652741
586.170469538038
586.510108163860
586.849703516470
587.189255582132
587.528764347112
587.868229797673
588.207651920079
588.547030700595
588.886366125484
589.225658181012
589.564906853441
589.904112129036
590.243273994062
590.582392434782
590.921467437461
591.260498988363
591.599487073752
591.938431679892
592.277332793047
592.616190399482
592.955004485460
593.293775037247
593.632502041105
593.971185483300
594.309825350095
594.648421627754
594.986974302542
595.325483360723
595.663948788561
596.002370572321
596.340748698265
596.679083152659
597.017373921767
597.355620991853
597.693824349181
598.031983980015
598.370099870619
598.708172007258
599.046200376196
599.384184963696
599.722125756024
600.060022739443
600.397875900217
600.735685224611
601.073450698889
601.411172309314
601.748850042152
602.086483883665
602.424073820119
602.761619837778
603.099121922906
603.436580061766
603.773994240624
604.111364445742
604.448690663386
604.785972879820
605.123211081308
605.460405254113
605.797555384501
606.134661458734
606.471723463079
606.808741383797
607.145715207155
607.482644919416
607.819530506843
608.156371955702
608.493169252256
608.829922382770
609.166631333508
609.503296090734
609.839916640712
610.176492969706
610.513025063980
610.849512909799
611.185956493427
611.522355801128
611.858710819166
612.195021533806
612.531287931310
612.867509997945
613.203687719973
613.539821083659
613.875910075268
614.211954681062
614.547954887307
614.883910680267
615.219822046206
615.555688971387
615.891511442076
616.227289444536
616.563022965032
616.898711989827
617.234356505186
617.569956497373
617.905511952652
618.241022857288
618.576489197544
618.911910959684
619.247288129974
619.582620694677
619.917908640056
620.253151952377
620.588350617904
620.923504622900
621.258613953630
621.593678596358
621.928698537349
622.263673762865
622.598604259173
622.933490012535
623.268331009215
623.603127235479
623.937878677590
624.272585321813
624.607247154410
624.941864161648
625.276436329790
625.610963645099
625.945446093841
626.279883662279
626.614276336677
626.948624103301
627.282926948413
627.617184858278
627.951397819161
628.285565817325
628.619688839034
628.953766870554
629.287799898147
629.621787908078
629.955730886611
630.289628820011
630.623481694542
630.957289496467
631.291052212051
631.624769827558
631.958442329252
632.292069703398
632.625651936259
632.959189014101
633.292680923186
633.626127649779
633.959529180144
634.292885500546
634.626196597248
634.959462456516
635.292683064612
635.625858407801
635.958988472347
636.292073244515
636.625112710569
636.958106856772
637.291055669390
637.623959134685
637.956817238922
638.289629968367
638.622397309281
638.955119247931
639.287795770579
639.620426863491
639.953012512930
640.285552705160
640.618047426446
640.950496663052
641.282900401242
641.615258627280
641.947571327430
642.279838487956
642.612060095124
642.944236135196
643.276366594437
643.608451459111
643.940490715483
644.272484349816
644.604432348375
644.936334697423
645.268191383226
645.600002392046
645.931767710149
646.263487323799
646.595161219259
646.926789382794
647.258371800668
647.589908459145
647.921399344490
648.252844442966
648.584243740838
648.915597224369
649.246904879825
649.578166693469
649.909382651565
650.240552740377
650.571676946171
650.902755255209
651.233787653756
651.564774128076
651.895714664434
652.226609249094
652.557457868318
652.888260508373
653.219017155522
653.549727796029
653.880392416159
654.211011002175
654.541583540342
654.872110016923
655.202590418184
655.533024730388
655.863412939799
656.193755032682
656.524050995301
656.854300813919
657.184504474802
657.514661964213
657.844773268416
658.174838373676
658.504857266256
658.834829932422
659.164756358436
659.494636530564
659.824470435069
660.154258058216
660.483999386268
660.813694405490
661.143343102147
661.472945462502
661.802501472819
662.132011119362
662.461474388397
662.790891266186
663.120261738995
663.449585793087
663.778863414726
664.108094590177
664.437279305703
664.766417547570
665.095509302041
665.424554555379
665.753553293851
666.082505503719
666.411411171248
666.740270282701
667.069082824344
667.397848782440
667.726568143254
668.055240893049
668.383867018090
668.712446504641
669.040979338966
669.369465507330
669.697904995996
670.026297791228
670.354643879292
670.682943246450
671.011195878967
671.339401763108
671.667560885136
671.995673231316
672.323738787912
672.651757541188
672.979729477408
673.307654582836
673.635532843737
673.963364246374
674.291148777012
674.618886421915
674.946577167348
675.274220999573
675.601817904857
675.929367869461
676.256870879652
676.584326921693
676.911735981848
677.239098046381
677.566413101557
677.893681133640
678.220902128893
678.548076073581
678.875202953969
679.202282756319
679.529315466898
679.856301071968
680.183239557794
680.510130910640
680.836975116770
681.163772162449
681.490522033940
681.817224717508
682.143880199417
682.470488465930
682.797049503314
683.123563297830
683.450029835744
683.776449103320
684.102821086821
684.429145772513
684.755423146659
685.081653195523
685.407835905370
685.733971262463
686.060059253068
686.386099863447
686.712093079866
687.038038888588
687.363937275878
687.689788227999
688.015591731217
688.341347771794
688.667056335996
688.992717410086
689.318330980329
689.643897032988
689.969415554329
690.294886530614
690.620309948109
690.945685793077
691.271014051783
691.596294710491
691.921527755464
692.246713172968
692.571850949266
692.896941070622
693.221983523301
693.546978293567
693.871925367684
694.196824731915
694.521676372527
694.846480275781
695.171236427943
695.495944815277
695.820605424047
696.145218240517
696.469783250952
696.794300441615
697.118769798770
697.443191308682
697.767564957615
698.091890731834
698.416168617601
698.740398601183
699.064580668842
699.388714806842
699.712801001449
700.036839238926
700.360829505537
700.684771787546
701.008666071219
701.332512342817
701.656310588608
701.980060794853
702.303762947817
702.627417033766
702.951023038961
703.274580949669
703.598090752152
703.921552432676
704.244965977504
704.568331372901
704.891648605130
705.214917660456
705.538138525144
705.861311185456
706.184435627658
706.507511838013
706.830539802786
707.153519508241
707.476450940642
707.799334086253
708.122168931338
708.444955462162
708.767693664989
709.090383526082
709.413025031707
709.735618168127
710.058162921606
710.380659278409
710.703107224799
711.025506747041
711.347857831400
711.670160464138
711.992414631522
712.314620319813
712.636777515277
712.958886204178
713.280946372781
713.602958007348
713.924921094145
714.246835619436
714.568701569484
714.890518930554
715.212287688910
715.534007830817
715.855679342538
716.177302210337
716.498876420479
716.820401959228
717.141878812848
717.463306967604
717.784686409759
718.106017125577
718.427299101324
718.748532323262
719.069716777656
719.390852450771
719.711939328870
720.032977398217
720.353966645078
720.674907055715
720.995798616394
721.316641313378
721.637435132931
721.958180061318
722.278876084802
722.599523189649
722.920121362122
723.240670588484
723.561170855002
723.881622147938
724.202024453557
724.522377758123
724.842682047900
725.162937309152
725.483143528144
725.803300691139
726.123408784403
726.443467794198
726.763477706789
727.083438508441
727.403350185417
727.723212723982
728.043026110399
728.362790330934
728.682505371850
729.002171219411
729.321787859882
729.641355279526
729.960873464608
730.280342401393
730.599762076143
730.919132475123
731.238453584599
731.557725390832
731.876947880089
732.196121038633
732.515244852728
732.834319308638
733.153344392628
733.472320090961
733.791246389903
734.110123275716
734.428950734666
734.747728753016
735.066457317030
735.385136412973
735.703766027109
736.022346145702
736.340876755017
736.659357841316
736.977789390866
737.296171389928
737.614503824769
737.932786681652
738.251019946841
738.569203606601
738.887337647195
739.205422054887
739.523456815943
739.841441916626
740.159377343200
740.477263081929
740.795099119078
741.112885440911
741.430622033691
741.748308883684
742.065945977153
742.383533300362
742.701070839576
743.018558581059
743.335996511074
743.653384615887
743.970722881761
744.288011294960
744.605249841749
744.922438508392
745.239577281152
745.556666146295
745.873705090084
746.190694098783
746.507633158657
746.824522255970
747.141361376986
747.458150507969
747.774889635183
748.091578744892
748.408217823362
748.724806856855
749.041345831636
749.357834733969
749.674273550118
749.990662266348
750.307000868922
750.623289344105
750.939527678162
751.255715857355
751.571853867950
751.887941696210
752.203979328399
752.519966750783
752.835903949624
753.151790911188
753.467627621738
753.783414067538
754.099150234854
754.414836109948
754.730471679084
755.046056928529
755.361591844544
755.677076413395
755.992510621346
756.307894454660
756.623227899602
756.938510942437
757.253743569428
757.568925766839
757.884057520935
758.199138817980
758.514169644238
758.829149985973
759.144079829450
759.458959160932
759.773787966684
760.088566232969
760.403293946053
760.717971092199
761.032597657671
761.347173628734
761.661698991651
761.976173732687
762.290597838106
762.604971294173
762.919294087151
763.233566203304
763.547787628897
763.861958350194
764.176078353459
764.490147624956
764.804166150950
765.118133917704
765.432050911483
765.745917118551
766.059732525172
766.373497117610
766.687210882130
767.000873804995
767.314485872469
767.628047070818
767.941557386305
768.255016805194
768.568425313749
768.881782898235
769.195089544916
769.508345240056
769.821549969918
770.134703720768
770.447806478870
770.760858230487
771.073858961884
771.386808659324
771.699707309073
772.012554897394
772.325351410552
772.638096834810
772.950791156433
773.263434361684
773.576026436829
773.888567368131
774.201057141855
774.513495744264
774.825883161623
775.138219380196
775.450504386247
775.762738166041
776.074920705840
776.387051991911
776.699132010516
777.011160747921
777.323138190388
777.635064324183
777.946939135569
778.258762610810
778.570534736172
778.882255497918
779.193924882311
779.505542875617
779.817109464100
780.128624634023
780.440088371651
780.751500663248
781.062861495078
781.374170853405
781.685428724494
781.996635094609
782.307789950013
782.618893276971
782.929945061748
783.240945290607
783.551893949812
783.862791025628
784.173636504319
784.484430372149
784.795172615382
785.105863220282
785.416502173115
785.727089460142
786.037625067630
786.348108981841
786.658541189041
786.968921675493
787.279250427461
787.589527431211
787.899752673005
788.209926139108
788.520047815784
788.830117689298
789.140135745913
789.450101971894
789.760016353505
790.069878877010
790.379689528673
790.689448294759
790.999155161531
791.308810115253
791.618413142191
791.927964228608
792.237463360768
792.546910524935
792.856305707374
793.165648894349
793.474940072123
793.784179226962
794.093366345129
794.402501412888
794.711584416504
795.020615342241
795.329594176362
795.638520905132
795.947395514816
796.256217991677
796.564988321980
796.873706491989
797.182372487967
797.490986296180
797.799547902891
798.108057294364
798.416514456864
798.724919376655
799.033272040000
799.341572433165
799.649820542413
799.958016354008
800.266159854215
800.574251029298
800.882289865521
801.190276349147
801.498210466443
801.806092203670
802.113921547094
802.421698482979
802.729422997589
803.037095077188
803.344714708041
803.652281876411
803.959796568562
804.267258770759
804.574668469267
804.882025650348
805.189330300268
805.496582405290
805.803781951679
806.110928925698
806.418023313613
806.725065101687
807.032054276184
807.338990823368
807.645874729504
807.952705980857
808.259484563688
808.566210464265
808.872883668849
809.179504163706
809.486071935100
809.792586969295
810.099049252554
810.405458771143
810.711815511325
811.018119459365
811.324370601526
811.630568924073
811.936714413270
812.242807055381
812.548846836671
812.854833743403
813.160767761842
813.466648878252
813.772477078897
814.078252350041
814.383974677948
814.689644048883
814.995260449109
815.300823864892
815.606334282494
815.911791688181
816.217196068216
816.522547408864
816.827845696388
817.133090917053
817.438283057124
817.743422102863
818.048508040536
818.353540856406
818.658520536738
818.963447067797
819.268320435845
819.573140627147
819.877907627968
820.182621424571
820.487282003221
820.791889350182
821.096443451718
821.400944294094
821.705391863573
822.009786146419
822.314127128897
822.618414797271
822.922649137805
823.226830136763
823.530957780410
823.835032055009
824.139052946825
824.443020442122
824.746934527165
825.050795188216
825.354602411541
825.658356183403
825.962056490067
826.265703317798
826.569296652858
826.872836481512
827.176322790026
827.479755564661
827.783134791684
828.086460457357
828.389732547945
828.692951049713
828.996115948924
829.299227231843
829.602284884734
829.905288893861
830.208239245487
830.511135925878
830.813978921298
831.116768218011
831.419503802279
831.722185660369
832.024813778545
832.327388143069
832.629908740207
832.932375556222
833.234788577380
833.537147789943
833.839453180177
834.141704734345
834.443902438711
834.746046279540
835.048136243096
835.350172315643
835.652154483445
835.954082732767
836.255957049871
836.557777421024
836.859543832488
837.161256270529
837.462914721410
837.764519171394
838.066069606748
838.367566013734
838.669008378617
838.970396687661
839.271730927130
839.573011083289
839.874237142401
840.175409090731
840.476526914543
840.777590600101
841.078600133669
841.379555501511
841.680456689892
841.981303685076
842.282096473326
842.582835040907
842.883519374084
843.184149459120
843.484725282280
843.785246829828
844.085714088027
844.386127043142
844.686485681438
844.986789989178
845.287039952626
845.587235558048
845.887376791706
846.187463639865
846.487496088790
846.787474124744
847.087397733991
847.387266902797
847.687081617424
847.986841864137
848.286547629200
848.586198898878
848.885795659435
849.185337897134
849.484825598240
849.784258749018
850.083637335730
850.382961344642
850.682230762018
850.981445574121
851.280605767217
851.579711327568
851.878762241440
852.177758495096
852.476700074801
852.775586966818
853.074419157413
853.373196632848
853.671919379389
853.970587383300
854.269200630844
854.567759108286
854.866262801889
855.164711697919
855.463105782639
855.761445042314
856.059729463207
856.357959031583
856.656133733707
856.954253555841
857.252318484250
857.550328505199
857.848283604952
858.146183769772
858.444028985925
858.741819239673
859.039554517283
859.337234805016
859.634860089138
859.932430355913
860.229945591605
860.527405782478
860.824810914796
861.122160974824
861.419455948826
861.716695823066
862.013880583807
862.311010217315
862.608084709853
862.905104047685
863.202068217076
863.498977204290
863.795830995591
864.092629577244
864.389372935511
864.686061056659
864.982693926949
865.279271532648
865.575793860019
865.872260895326
866.168672624833
866.465029034805
866.761330111506
867.057575841199
867.353766210150
867.649901204621
867.945980810879
868.242005015185
868.537973803805
868.833887163004
869.129745079044
869.425547538190
869.721294526707
870.016986030859
870.312622036909
870.608202531122
870.903727499763
871.199196929094
871.494610805381
871.789969114887
872.085271843877
872.380518978615
872.675710505365
872.970846410392
873.265926679959
873.560951300330
873.855920257770
874.150833538544
874.445691128914
874.740493015145
875.035239183502
875.329929620248
875.624564311649
875.919143243967
876.213666403467
876.508133776414
876.802545349071
877.096901107702
877.391201038573