180.606810,1472.196964
180.999322,1474.537500
181.391798,1533.050893
181.784238,1488.580714
182.176642,1519.007679
182.569009,1502.623929
182.961341,1530.710357
183.353636,1486.240179
183.745896,1514.326607
184.138119,1565.818393
184.530306,1582.202143
184.922457,1495.602321
185.314571,1582.202143
185.706649,1519.007679
186.098692,1629.012857
186.490697,1617.310179
186.882667,1563.477857
187.274600,1561.137321
187.666497,1563.477857
188.058357,1575.180536
188.450181,1614.969643
188.841969,1661.780357
189.233720,1600.926429
189.625435,1537.731964
190.017113,1565.818393
190.408755,1568.158929
190.800360,1598.585893
191.191929,1577.521071
191.583461,1596.245357
191.974957,1495.602321
192.366416,1600.926429
192.757838,1661.780357
193.149224,1584.542679
193.540574,1596.245357
193.931886,1629.012857
194.323162,1563.477857
194.714402,1621.991250
195.105604,1570.499464
195.496770,1591.564286
195.887899,1572.840000
196.278992,1563.477857
196.670047,1617.310179
197.061066,1565.818393
197.452048,1561.137321
197.842993,1579.861607
198.233901,1547.094107
198.624773,1617.310179
199.015607,1617.310179
199.406405,1547.094107
199.797165,1607.948036
200.187889,1614.969643
200.578576,1570.499464
200.969225,1533.050893
201.359838,1614.969643
201.750414,1568.158929
202.140952,1593.904821
202.531454,1577.521071
202.921918,1629.012857
203.312346,1572.840000
203.702736,1598.585893
204.093089,1619.650714
204.483405,1542.413036
204.873683,1584.542679
205.263925,1568.158929
205.654129,1614.969643
206.044296,1535.391429
206.434426,1603.266964
206.824518,1551.775179
207.214574,1556.456250
207.604591,1598.585893
207.994572,1521.348214
208.384515,1600.926429
208.774421,1577.521071
209.164289,1528.369821
209.554120,1607.948036
209.943914,1537.731964
210.333670,1584.542679
210.723389,1563.477857
211.113070,1600.926429
211.502713,1575.180536
211.892319,1554.115714
212.281888,1575.180536
212.671419,1607.948036
213.060912,1528.369821
213.450368,1614.969643
213.839786,1563.477857
214.229167,1582.202143
214.618509,1598.585893
215.007815,1570.499464
215.397082,1530.710357
215.786312,1516.667143
216.175504,1600.926429
216.564658,1577.521071
216.953774,1558.796786
217.342853,1572.840000
217.731894,1476.878036
218.120897,1530.710357
218.509862,1579.861607
218.898789,1533.050893
219.287678,1570.499464
219.676530,1582.202143
220.065343,1619.650714
220.454119,1537.731964
220.842857,1607.948036
221.231556,1554.115714
221.620218,1572.840000
222.008841,1617.310179
222.397427,1533.050893
222.785974,1596.245357
223.174484,1568.158929
223.562955,1547.094107
223.951388,1596.245357
224.339783,1568.158929
224.728140,1575.180536
225.116458,1542.413036
225.504739,1591.564286
225.892981,1556.456250
226.281185,1530.710357
226.669351,1617.310179
227.057478,1584.542679
227.445567,1586.883214
227.833618,1591.564286
228.221631,1549.434643
228.609605,1586.883214
228.997541,1598.585893
229.385438,1547.094107
229.773297,1584.542679
230.161117,1589.223750
230.548900,1582.202143
230.936643,1591.564286
231.324348,1551.775179
231.712015,1570.499464
232.099643,1530.710357
232.487233,1558.796786
232.874783,1561.137321
233.262296,1547.094107
233.649770,1603.266964
234.037205,1598.585893
234.424601,1596.245357
234.811959,1542.413036
235.199278,1556.456250
235.586559,1659.439821
235.973801,1598.585893
236.361004,1584.542679
236.748168,1537.731964
237.135293,1619.650714
237.522380,1638.375000
237.909428,1565.818393
238.296437,1584.542679
238.683407,1577.521071
239.070339,1624.331786
239.457231,1561.137321
239.844085,1551.775179
240.230899,1603.266964
240.617675,1542.413036
241.004412,1614.969643
241.391109,1533.050893
241.777768,1603.266964
242.164388,1535.391429
242.550968,1528.369821
242.937510,1617.310179
243.324012,1593.904821
243.710476,1607.948036
244.096900,1577.521071
244.483285,1610.288571
244.869631,1596.245357
245.255938,1535.391429
245.642206,1600.926429
246.028434,1610.288571
246.414623,1603.266964
246.800773,1586.883214
247.186884,1551.775179
247.572955,1586.883214
247.958987,1600.926429
248.344980,1582.202143
248.730933,1586.883214
249.116847,1603.266964
249.502721,1528.369821
249.888557,1570.499464
250.274352,1563.477857
250.660109,1643.056071
251.045825,1568.158929
251.431503,1605.607500
251.817141,1645.396607
252.202739,1549.434643
252.588298,1570.499464
252.973817,1598.585893
253.359297,1643.056071
253.744737,1579.861607
254.130137,1554.115714
254.515498,1605.607500
254.900819,1579.861607
255.286100,1577.521071
255.671342,1572.840000
256.056544,1577.521071
256.441706,1579.861607
256.826829,1589.223750
257.211912,1617.310179
257.596955,1586.883214
257.981958,1535.391429
258.366921,1544.753571
258.751845,1554.115714
259.136728,1591.564286
259.521572,1554.115714
259.906376,1577.521071
260.291140,1558.796786
260.675864,1600.926429
261.060548,1626.672321
261.445192,1661.780357
261.829796,1556.456250
262.214360,1577.521071
262.598884,1579.861607
262.983368,1575.180536
263.367812,1530.710357
263.752215,1591.564286
264.136579,1591.564286
264.520903,1607.948036
264.905186,1638.375000
265.289429,1542.413036
265.673632,1598.585893
266.057795,1591.564286
266.441917,1542.413036
266.825999,1582.202143
267.210041,1565.818393
267.594043,1523.688750
267.978005,1593.904821
268.361926,1542.413036
268.745806,1521.348214
269.129647,1570.499464
269.513447,1540.072500
269.897206,1633.693929
270.280925,1551.775179
270.664604,1528.369821
271.048242,1584.542679
271.431840,1614.969643
271.815397,1600.926429
272.198914,1549.434643
272.582390,1605.607500
272.965826,1607.948036
273.349221,1589.223750
273.732576,1535.391429
274.115890,1549.434643
274.499163,1593.904821
274.882395,1598.585893
275.265587,1621.991250
275.648739,1577.521071
276.031849,1572.840000
276.414919,1561.137321
276.797948,1549.434643
277.180936,1614.969643
277.563884,1591.564286
277.946790,1582.202143
278.329656,1607.948036
278.712481,1556.456250
279.095265,1607.948036
279.478009,1612.629107
279.860711,1617.310179
280.243372,1598.585893
280.625993,1563.477857
281.008572,1582.202143
281.391111,1579.861607
281.773609,1596.245357
282.156065,1645.396607
282.538481,1542.413036
282.920855,1511.986071
283.303188,1530.710357
283.685481,1542.413036
284.067732,1612.629107
284.449942,1607.948036
284.832111,1570.499464
285.214239,1603.266964
285.596325,1568.158929
285.978370,1577.521071
286.360375,1591.564286
286.742337,1544.753571
287.124259,1586.883214
287.506139,1575.180536
287.887978,1596.245357
288.269776,1612.629107
288.651532,1521.348214
289.033247,1589.223750
289.414921,1565.818393
289.796553,1643.056071
290.178144,1614.969643
290.559693,1570.499464
290.941201,1596.245357
291.322668,1570.499464
291.704092,1516.667143
292.085476,1629.012857
292.466818,1617.310179
292.848118,1584.542679
293.229377,1579.861607
293.610594,1603.266964
293.991769,1549.434643
294.372903,1556.456250
294.753996,1603.266964
295.135046,1671.142500
295.516055,1579.861607
295.897022,1605.607500
296.277948,1591.564286
296.658832,1575.180536
297.039674,1570.499464
297.420474,1565.818393
297.801232,1575.180536
298.181949,1558.796786
298.562623,1605.607500
298.943256,1582.202143
299.323847,1589.223750
299.704396,1621.991250
300.084904,1575.180536
300.465369,1568.158929
300.845792,1598.585893
301.226173,1537.731964
301.606513,1533.050893
301.986810,1579.861607
302.367065,1591.564286
302.747278,1528.369821
303.127450,1530.710357
303.507579,1558.796786
303.887666,1591.564286
304.267710,1584.542679
304.647713,1565.818393
305.027674,1556.456250
305.407592,1617.310179
305.787468,1565.818393
306.167302,1486.240179
306.547094,1544.753571
306.926843,1596.245357
307.306550,1584.542679
307.686215,1565.818393
308.065838,1591.564286
308.445418,1549.434643
308.824956,1568.158929
309.204451,1582.202143
309.583904,1617.310179
309.963315,1554.115714
310.342683,1589.223750
310.722009,1640.715536
311.101292,1575.180536
311.480533,1572.840000
311.859731,1607.948036
312.238887,1530.710357
312.618000,1533.050893
312.997070,1549.434643
313.376098,1570.499464
313.755084,1568.158929
314.134027,1575.180536
314.512927,1605.607500
314.891784,1542.413036
315.270599,1575.180536
315.649371,1542.413036
316.028101,1558.796786
316.406787,1584.542679
316.785431,1586.883214
317.164032,1621.991250
317.542590,1577.521071
317.921106,1624.331786
318.299579,1579.861607
318.678008,1596.245357
319.056395,1568.158929
319.434739,1579.861607
319.813040,1614.969643
320.191299,1530.710357
320.569514,1612.629107
320.947686,1568.158929
321.325815,1547.094107
321.703902,1612.629107
322.081945,1565.818393
322.459945,1596.245357
322.837902,1629.012857
323.215816,1572.840000
323.593687,1556.456250
323.971515,1589.223750
324.349300,1568.158929
324.727041,1607.948036
325.104740,1636.034464
325.482395,1591.564286
325.860007,1558.796786
326.237575,1596.245357
326.615101,1561.137321
326.992583,1598.585893
327.370022,1640.715536
327.747417,1614.969643
328.124769,1577.521071
328.502078,1551.775179
328.879344,1549.434643
329.256566,1584.542679
329.633745,1617.310179
330.010880,1561.137321
330.387972,1600.926429
330.765020,1551.775179
331.142025,1575.180536
331.518986,1582.202143
331.895904,1561.137321
332.272778,1619.650714
332.649609,1591.564286
333.026396,1589.223750
333.403140,1603.266964
333.779839,1638.375000
334.156496,1586.883214
334.533108,1591.564286
334.909677,1617.310179
335.286202,1598.585893
335.662684,1654.758750
336.039122,1561.137321
336.415516,1596.245357
336.791866,1547.094107
337.168172,1540.072500
337.544435,1603.266964
337.920654,1617.310179
338.296829,1600.926429
338.672960,1582.202143
339.049047,1610.288571
339.425090,1621.991250
339.801090,1579.861607
340.177045,1563.477857
340.552956,1582.202143
340.928824,1589.223750
341.304647,1621.991250
341.680427,1561.137321
342.056162,1624.331786
342.431853,1626.672321
342.807501,1549.434643
343.183104,1652.418214
343.558663,1600.926429
343.934178,1563.477857
344.309648,1547.094107
344.685075,1631.353393
345.060457,1591.564286
345.435795,1600.926429
345.811089,1593.904821
346.186339,1598.585893
346.561544,1614.969643
346.936705,1629.012857
347.311822,1575.180536
347.686895,1614.969643
348.061923,1596.245357
348.436907,1584.542679
348.811846,1558.796786
349.186741,1507.305000
349.561591,1589.223750
349.936397,1561.137321
350.311159,1584.542679
350.685876,1570.499464
351.060549,1565.818393
351.435177,1547.094107
351.809760,1596.245357
352.184299,1563.477857
352.558794,1591.564286
352.933244,1621.991250
353.307649,1509.645536
353.682009,1570.499464
354.056325,1624.331786
354.430597,1568.158929
354.804823,1600.926429
355.179005,1584.542679
355.553142,1593.904821
355.927234,1593.904821
356.301282,1607.948036
356.675285,1617.310179
357.049243,1544.753571
357.423156,1614.969643
357.797024,1643.056071
358.170848,1565.818393
358.544626,1551.775179
358.918360,1607.948036
359.292048,1619.650714
359.665692,1600.926429
360.039291,1593.904821
360.412845,1561.137321
360.786354,1600.926429
361.159818,1547.094107
361.533236,1593.904821
361.906610,1556.456250
362.279939,1598.585893
362.653222,1589.223750
363.026461,1647.737143
363.399654,1570.499464
363.772802,1561.137321
364.145905,1614.969643
364.518963,1600.926429
364.891975,1561.137321
365.264943,1582.202143
365.637865,1551.775179
366.010742,1605.607500
366.383573,1572.840000
366.756359,1626.672321
367.129100,1514.326607
367.501796,1572.840000
367.874446,1621.991250
368.247051,1621.991250
368.619610,1579.861607
368.992124,1610.288571
369.364593,1624.331786
369.737016,1650.077679
370.109394,1596.245357
370.481726,1575.180536
370.854012,1633.693929
371.226253,1610.288571
371.598449,1603.266964
371.970599,1533.050893
372.342703,1610.288571
372.714762,1596.245357
373.086775,1631.353393
373.458742,1519.007679
373.830664,1535.391429
374.202540,1561.137321
374.574371,1621.991250
374.946155,1563.477857
375.317894,1575.180536
375.689587,1631.353393
376.061235,1629.012857
376.432836,1561.137321
376.804392,1650.077679
377.175902,1591.564286
377.547366,1593.904821
377.918784,1610.288571
378.290156,1605.607500
378.661482,1612.629107
379.032763,1603.266964
379.403997,1579.861607
379.775186,1626.672321
380.146328,1610.288571
380.517424,1577.521071
380.888475,1605.607500
381.259479,1600.926429
381.630437,1589.223750
382.001350,1558.796786
382.372216,1596.245357
382.743036,1607.948036
383.113809,1565.818393
383.484537,1551.775179
383.855218,1596.245357
384.225854,1603.266964
384.596443,1561.137321
384.966985,1607.948036
385.337482,1619.650714
385.707932,1572.840000
386.078336,1584.542679
386.448693,1575.180536
386.819005,1614.969643
387.189270,1636.034464
387.559488,1596.245357
387.929660,1565.818393
388.299786,1617.310179
388.669865,1584.542679
389.039898,1593.904821
389.409884,1598.585893
389.779824,1558.796786
390.149717,1596.245357
390.519564,1603.266964
390.889364,1603.266964
391.259118,1607.948036
391.628825,1654.758750
391.998485,1619.650714
392.368099,1629.012857
392.737666,1603.266964
393.107187,1610.288571
393.476661,1593.904821
393.846088,1563.477857
394.215468,1629.012857
394.584802,1624.331786
394.954089,1619.650714
395.323329,1621.991250
395.692522,1603.266964
396.061669,1636.034464
396.430768,1554.115714
396.799821,1619.650714
397.168827,1614.969643
397.537786,1575.180536
397.906698,1600.926429
398.275563,1549.434643
398.644382,1612.629107
399.013153,1621.991250
399.381877,1614.969643
399.750554,1610.288571
400.119184,1565.818393
400.487768,1614.969643
400.856304,1579.861607
401.224793,1605.607500
401.593235,1570.499464
401.961629,1619.650714
402.329977,1633.693929
402.698277,1675.823571
403.066531,1645.396607
403.434737,1652.418214
403.802896,1659.439821
404.171007,1699.228929
404.539072,1659.439821
404.907089,1666.461429
405.275058,1678.164107
405.642981,1678.164107
406.010856,1638.375000
406.378684,1694.547857
406.746464,1699.228929
407.114197,1739.018036
407.481883,1682.845179
407.849521,1755.401786
408.217112,1736.677500
408.584655,1724.974821
408.952151,1778.807143
409.319599,1823.277321
409.686999,1813.915179
410.054353,1853.704286
410.421658,1776.466607
410.788916,1827.958393
411.156127,1827.958393
411.523289,1907.536607
411.890404,1870.088036
412.257472,1916.898750
412.624492,1963.709464
412.991464,2017.541786
413.358388,1989.455357
413.725265,1994.136429
414.092094,2164.995536
414.458875,2125.206429
414.825608,2246.914286
415.192294,2246.914286
415.558931,2267.979107
415.925521,2284.362857
416.292063,2363.941071
416.658557,2436.497679
417.025003,2555.865000
417.391401,2609.697321
417.757751,2663.529643
418.124054,2693.956607
418.490308,2736.086250
418.856514,2869.496786
419.222672,2897.583214
419.588783,2993.545179
419.954845,3070.782857
420.320859,3150.361071
420.686825,3400.798393
421.052743,3534.208929
421.418612,3559.954821
421.784434,3777.624643
422.150207,3707.408571
422.515932,3974.229643
422.881609,4152.110357
423.247238,4250.412857
423.612818,4449.358393
423.978350,4819.163036
424.343834,4919.806071
424.709270,5210.032500
425.074657,5308.335000
425.439996,5413.659107
425.805286,5551.750714
426.170529,5879.425714
426.535722,6108.798214
426.900867,6466.900179
427.265964,6726.699643
427.631013,6860.110179
427.996012,7262.682321
428.360964,7683.978750
428.725867,7889.945893
429.090721,8360.393571
429.455527,8774.668393
429.820284,8989.997679
430.184992,9453.423750
430.549652,9521.299286
430.914264,10324.103036
431.278826,10628.372679
431.643340,11014.561071
432.007805,11531.819464
432.372222,12236.320714
432.736590,12737.195357
433.100909,13451.058750
433.465179,13371.480536
433.829401,13654.685357
434.193573,14499.618750
434.557697,14576.856429
434.921772,15075.390536
435.285798,16180.123393
435.649775,17053.143214
436.013704,17785.730893
436.377583,17736.579643
436.741414,18436.399821
437.105195,19377.295179
437.468928,18944.296071
437.832611,20739.486964
438.196246,21582.079821
438.559831,22876.396071
438.923367,22483.186071
439.286855,24093.474643
439.650293,24648.181607
440.013682,24975.856607
440.377022,27190.003393
440.740313,27323.413929
441.103554,29282.442321
441.466747,29905.024821
441.829890,30749.958214
442.192984,31711.918393
442.556029,33125.601964
442.919024,35037.819643
443.281970,35449.753929
443.644867,37460.274107
444.007715,37254.306964
444.370513,39758.680179
444.733262,41261.304107
445.095961,41006.185714
445.458611,43810.147500
445.821212,44304.000536
446.183763,45277.663393
446.546265,46246.645179
446.908717,46976.892321
447.271119,49172.314821
447.633473,47969.279464
447.995776,49411.049464
448.358030,49794.897321
448.720235,49577.227500
449.082390,51007.294821
449.444495,49886.178214
449.806551,48968.688214
450.168557,51114.959464
450.530513,48374.192143
450.892420,49340.833393
451.254277,45645.127500
451.616084,48446.748750
451.977841,46237.283036
452.339549,45387.668571
452.701207,42993.300536
453.062815,43119.689464
453.424373,42036.021429
453.785882,39910.815000
454.147340,38862.255000
454.508749,37200.474643
454.870108,36437.460000
455.231416,35461.456607
455.592675,34705.463571
455.953884,31852.350536
456.315043,31019.119821
456.676152,29621.820000
457.037211,28739.438036
457.398220,27583.213393
457.759179,27620.661964
458.120088,24842.446071
458.480946,25766.957679
458.841755,23431.103036
459.202513,22965.336429
459.563222,22665.747857
459.923880,22005.716786
460.284488,20851.832679
460.645045,21008.648571
461.005553,20266.698750
461.366010,19379.635714
461.726417,18995.787857
462.086774,19044.939107
462.447080,18401.291786
462.807336,17380.818214
463.167542,17799.774107
463.527697,17432.310000
463.887802,17174.851071
464.247857,16688.019643
464.607861,16395.452679
464.967814,15592.648929
465.327718,15925.005000
465.687570,14958.363750
466.047373,14675.158929
466.407124,14080.662857
466.766826,13884.057857
467.126476,13532.977500
467.486076,12978.270536
467.845626,12858.903214
468.205125,12465.693214
468.564573,12505.482321
468.923971,12058.440000
469.283317,11424.154821
469.642614,11272.020000
470.001859,10813.275000
470.361054,10848.383036
470.720198,10551.135000
471.079291,10071.325179
471.438334,10008.130714
471.797326,9689.817857
472.156266,9364.483393
472.515156,9420.656250
472.873996,8896.376250
473.232784,8905.738393
473.591521,8416.566429
473.950208,8205.918214
474.308843,8299.539643
474.667428,8100.594107
475.025962,7838.454107
475.384444,7798.665000
475.742876,7681.638214
476.101256,7580.995179
476.459586,7562.270893
476.817864,7370.346964
477.176092,7496.735893
477.534268,7241.617500
477.892393,7197.147321
478.250467,7117.569107
478.608490,7098.844821
478.966461,7066.077321
479.324382,7105.866429
479.682251,7016.926071
480.040069,6979.477500
480.397836,6878.834464
480.755551,6761.807679
481.113215,6794.575179
481.470828,6972.455893
481.828389,6729.040179
482.185899,6764.148214
482.543358,6757.126607
482.900765,6658.824107
483.258121,6759.467143
483.615426,6698.613214
483.972679,6642.440357
484.329880,6740.742857
484.687030,6574.564821
485.044129,6633.078214
485.401176,6572.224286
485.758171,6567.543214
486.115115,6642.440357
486.472007,6464.559643
486.828848,6595.629643
487.185637,6396.684107
487.542374,6558.181071
487.899060,6525.413571
488.255694,6530.094643
488.612277,6740.742857
488.968807,6679.888929
489.325286,6839.045357
489.681713,6698.613214
490.038089,6658.824107
490.394412,6764.148214
490.750684,6883.515536
491.106904,6757.126607
491.463072,6885.856071
491.819188,7005.223393
492.175252,7201.828393
492.531264,7288.428214
492.887225,7311.833571
493.243133,7375.028036
493.598990,7496.735893
493.954794,7765.897500
494.310547,7829.091964
494.666247,8004.632143
495.021896,8049.102321
495.377492,8339.328750
495.733036,8329.966607
496.088528,8430.609643
496.443968,8641.257857
496.799356,8814.457500
497.154692,8826.160179
497.509975,9062.554286
497.865207,9202.986429
498.220386,9437.040000
498.575513,9668.753036
498.930587,9809.185179
499.285610,9968.341607
499.640580,10207.076250
499.995497,10509.005357
500.350363,10607.307857
500.705176,10773.485893
501.059937,11054.350179
501.414645,11445.219643
501.769301,11431.176429
502.123904,11627.781429
502.478455,11768.213571
502.832954,12072.483214
503.187400,12238.661250
503.541793,12582.720000
503.896134,12868.265357
504.250422,13099.978393
504.604658,13284.880714
504.958842,13593.831429
505.312972,13650.004286
505.667050,14178.965357
506.021076,14368.548750
506.375048,14640.050893
506.728969,14794.526250
507.082836,15215.822679
507.436651,15606.692143
507.790412,15538.816607
508.144122,16016.285893
508.497778,16119.269464
508.851382,16423.539107
509.204932,16690.360179
509.558430,16919.732679
509.911875,17029.737857
510.265268,17635.936607
510.618607,17645.298750
510.971893,18141.492321
511.325127,18176.600357
511.678307,18436.399821
512.031435,19049.620179
512.384509,19136.220000
512.737531,19337.506071
513.090500,19475.597679
513.443415,20037.326250
513.796277,20266.698750
514.149087,20585.011607
514.501843,20264.358214
514.854546,20924.389286
515.207196,21184.188750
515.559793,21263.766964
515.912337,21408.880179
516.264827,21645.274286
516.617264,22169.554286
516.969648,22272.537857
517.321979,22080.613929
517.674257,22539.358929
518.026481,23068.320000
518.378652,22932.568929
518.730769,23470.892143
519.082833,23714.307857
519.434844,23506.000179
519.786802,24013.896429
520.138706,24367.317321
520.490556,24453.917143
520.842353,24592.008750
521.194097,24938.408036
521.545787,25191.185893
521.897424,25202.888571
522.249007,25458.006964
522.600537,25420.558393
522.952013,25642.909286
523.303435,25949.519464
523.654804,25766.957679
524.006120,26405.923929
524.357381,25900.368214
524.708589,26373.156429
525.059743,26209.318929
525.410844,26848.285179
525.761891,26417.626607
526.112884,26939.566071
526.463823,26993.398393
526.814709,27028.506429
527.165541,26745.301607
527.516319,27054.252321
527.867043,27124.468393
528.217713,27117.446786
528.568330,27358.521964
528.918893,27424.056964
529.269401,27496.613571
529.619856,27278.943750
529.970257,27419.375893
530.320604,27690.878036
530.670897,27634.705179
531.021135,27517.678393
531.371320,27662.791607
531.721451,27545.764821
532.071528,27480.229821
532.421551,27913.228929
532.771519,27295.327500
533.121434,27068.295536
533.471294,27782.158929
533.821100,27501.294643
534.170852,27655.770000
534.520550,27351.500357
534.870193,27791.521071
535.219783,27742.369821
535.569318,27491.932500
535.918799,27592.575536
536.268225,27496.613571
536.617597,27328.095000
536.966915,27164.257500
537.316179,26909.139107
537.665388,27466.186607
538.014543,27250.857321
538.363643,26920.841786
538.712689,27129.149464
539.061681,27166.598036
539.410618,27438.100179
539.759501,27232.133036
540.108329,27061.273929
540.457102,26981.695714
540.805821,26726.577321
541.154486,26979.355179
541.503096,26789.771786
541.851651,26892.755357
542.200152,26684.447679
542.548598,26899.776964
542.896989,26787.431250
543.245326,26579.123571
543.593608,26574.442500
543.941835,26532.312857
544.290008,26448.053571
544.638126,26298.259286
544.986189,26677.426071
545.334197,26305.280893
545.682151,25993.989643
546.030049,26192.935179
546.377893,26466.777857
546.725682,26443.372500
547.073416,26281.875536
547.421095,26003.351786
547.768720,26150.805536
548.116289,26125.059643
548.463803,25853.557500
548.811263,25961.222143
549.158667,26103.994821
549.506017,26022.076071
549.853311,25860.579107
550.200550,25692.060536
550.547734,25661.633571
550.894863,26199.956786
551.241937,25806.746786
551.588956,25764.617143
551.935920,25256.720893
552.282829,25930.795179
552.629682,25247.358750
552.976480,25514.179821
553.323223,25717.806429
553.669911,25301.191071
554.016543,25291.828929
554.363120,25287.147857
554.709642,25310.553214
555.056108,25237.996607
555.402520,25064.796964
555.748875,25167.780536
556.095176,25048.413214
556.441421,25214.591250
556.787610,24821.381250
557.133745,24896.278393
557.479823,25273.104643
557.825846,24987.559286
558.171814,24837.765000
558.517726,24903.300000
558.863583,24723.078750
559.209384,24650.522143
559.555130,24566.262857
559.900820,24804.997500
560.246454,24622.435714
560.592033,24561.581786
560.937556,24460.938750
561.283023,24449.236071
561.628435,24531.154821
561.973791,23964.745179
562.319091,24397.744286
562.664336,24320.506607
563.009524,24273.695893
563.354657,24177.733929
563.699735,23901.550714
564.044756,24327.528214
564.389721,23927.296607
564.734631,24027.939643
565.079485,24376.679464
565.424283,24187.096071
565.769025,24250.290536
566.113711,23786.864464
566.458341,23810.269821
566.802915,23913.253393
567.147433,23740.053750
567.491895,24030.280179
567.836301,23398.335536
568.180651,23353.865357
568.524945,23297.692500
568.869183,23630.048571
569.213365,23201.730536
569.557490,23152.579286
569.901560,23267.265536
570.245573,23192.368393
570.589530,22855.331250
570.933431,22752.347679
571.277276,22750.007143
571.621064,22981.720179
571.964797,22693.834286
572.308472,22761.709821
572.652092,22654.045179
572.995655,22380.202500
573.339162,22408.288929
573.682613,22382.543036
574.026007,22218.705536
574.369345,22230.408214
574.712626,22207.002857
575.055851,22115.721964
575.399020,21799.749643
575.742132,22047.846429
576.085187,22040.824821
576.428186,21692.085000
576.771129,21511.863750
577.114015,21373.772143
577.456844,21488.458393
577.799617,21120.994286
578.142333,21055.459286
578.484993,21074.183571
578.827596,20720.762679
579.170142,20704.378929
579.512632,20809.703036
579.855064,20924.389286
580.197441,20807.362500
580.539760,20430.536250
580.882023,20416.493036
581.224229,20130.947679
581.566378,20170.736786
581.908470,20013.920893
582.250505,19878.169821
582.592484,20039.666786
582.934406,19997.537143
583.276270,19508.365179
583.618078,19494.321964
583.959829,19564.538036
584.301523,19431.127500
584.643160,19435.808571
584.984740,19442.830179
585.326263,19300.057500
585.667729,18895.144821
586.009138,18682.156071
586.350490,18602.577857
586.691785,18623.642679
587.033023,18396.610714
587.374203,18188.303036
587.715327,18228.092143
588.056393,18389.589107
588.397402,18075.957321
588.738354,18064.254643
589.079249,18036.168214
589.420086,17961.271071
589.760866,17767.006607
590.101589,17785.730893
590.442255,17568.061071
590.782863,17334.007500
591.123414,17174.851071
591.463908,17151.445714
591.804344,17212.299643
592.144723,17137.402500
592.485044,17216.980714
592.825308,16989.948750
593.165515,16596.738750
593.505664,16863.559821
593.845755,16645.890000
594.185789,16688.019643
594.525766,16414.176964
594.865685,16533.544286
595.205546,16512.479464
595.545350,16042.031786
595.885097,16004.583214
596.224785,16114.588393
596.564416,15850.107857
596.903990,15941.388750
597.243505,15714.356786
597.582963,15939.048214
597.922363,15688.610893
598.261706,15522.432857
598.600991,15594.989464
598.940218,15220.503750
599.279387,15330.508929
599.618498,15068.368929
599.957552,15082.412143
600.296547,15117.520179
600.635485,14794.526250
600.974365,14764.099286
601.313187,14560.472679
601.651951,14677.499464
601.990657,14579.196964
602.329306,14494.937679
602.667896,14581.537500
603.006428,14232.797679
603.344902,14326.419107
603.683318,14097.046607
604.021676,13933.209107
604.359976,13951.933393
604.698218,13968.317143
605.036402,13823.203929
605.374528,13441.696607
605.712595,13603.193571
606.050604,13720.220357
606.388555,13231.048393
606.726448,13387.864286
607.064283,13287.221250
607.402059,12980.611071
607.739777,13252.113214
608.077437,12847.200536
608.415039,13083.594643
608.752582,12814.433036
609.090067,12814.433036
609.427493,12486.758036
609.764861,12650.595536
610.102171,12645.914464
610.439422,12418.882500
610.776615,12409.520357
611.113749,12217.596429
611.450825,12049.077857
611.787842,12112.272321
612.124801,11946.094286
612.461701,11714.381250
612.798543,11889.921429
613.135326,11765.873036
613.472051,11709.700179
613.808717,11442.879107
614.145324,11386.706250
614.481873,11468.625000
614.818363,11379.684643
615.154794,11309.468571
615.491166,11274.360536
615.827480,11098.820357
616.163735,10995.836786
616.499932,10923.280179
616.836069,10754.761607
617.172148,10712.631964
617.508168,10785.188571
617.844129,10656.459107
618.180031,10345.167857
618.515874,10317.081429
618.851658,10244.524821
619.187384,10218.778929
619.523050,10209.416786
619.858658,9858.336429
620.194206,10057.281964
620.529696,9792.801429
620.865127,9664.071964
621.200498,9678.115179
621.535810,9664.071964
621.871064,9451.083214
622.206258,9411.294107
622.541393,9341.078036
622.876469,9240.435000
623.211486,9301.288929
623.546444,9219.370179
623.881342,9020.424643
624.216182,9025.105714
624.550962,8671.684821
624.885682,8861.268214
625.220344,8671.684821
625.554946,8688.068571
625.889489,8535.933750
626.223973,8571.041786
626.558397,8788.711607
626.892762,8414.225893
627.227067,8339.328750
627.561313,8315.923393
627.895500,8311.242321
628.229627,8074.848214
628.563695,8170.810179
628.897703,8095.913036
629.231652,7978.886250
629.565542,8091.231964
629.899371,7719.086786
630.233142,7838.454107
630.566852,7672.276071
630.900503,7592.697857
631.234095,7861.859464
631.567626,7585.676250
631.901099,7592.697857
632.234511,7590.357321
632.567864,7492.054821
632.901157,7428.860357
633.234390,7403.114464
633.567564,7318.855179
633.900678,7234.595893
634.233732,7337.579464
634.566726,7110.547500
634.899660,7194.806786
635.232535,7040.331429
635.565349,7042.671964
635.898104,6979.477500
636.230799,6995.861250
636.563434,6890.537143
636.896009,6825.002143
637.228524,6743.083393
637.560979,6668.186250
637.893375,6670.526786
638.225710,6696.272679
638.557985,6668.186250
638.890200,6452.856964
639.222355,6612.013393
639.554450,6509.029821
639.886484,6242.208750
640.218459,6232.846607
640.550373,6377.959821
640.882228,6281.997857
641.214022,6277.316786
641.545756,6143.906250
641.877429,6169.652143
642.209043,6171.992679
642.540596,6052.625357
642.872089,5940.279643
643.203521,6122.841429
643.534894,5923.895893
643.866205,5877.085179
644.197457,6031.560536
644.528648,5682.820714
644.859779,5710.907143
645.190849,5760.058393
645.521859,5633.669464
645.852809,5722.609821
646.183698,5561.112857
646.514526,5516.642679
646.845294,5558.772321
647.176002,5493.237321
647.506648,5458.129286
647.837235,5273.226964
648.167761,5329.399821
648.498226,5369.188929
648.828630,5184.286607
649.158974,5245.140536
649.489257,5174.924464
649.819480,5135.135357
650.149641,5188.967679
650.479742,5001.724821
650.809783,5118.751607
651.139762,4926.827679
651.469681,4865.973750
651.799539,4901.081786
652.129336,4954.914107
652.459073,4880.016964
652.788748,4877.676429
653.118363,4812.141429
653.447916,4788.736071
653.777409,4676.390357
654.106841,4762.990179
654.436212,4725.541607
654.765522,4711.498393
655.094771,4542.979821
655.423958,4617.876964
655.753085,4568.725714
656.082151,4533.617679
656.411156,4383.823393
656.740100,4451.698929
657.068982,4442.336786
657.397803,4421.271964
657.726564,4360.418036
658.055263,4341.693750
658.383901,4248.072321
658.712478,4306.585714
659.040993,4294.883036
659.369447,4128.705000
659.697840,4184.877857
660.026172,4081.894286
660.354442,4173.175179
660.682652,4084.234821
661.010799,4086.575357
661.338886,4023.380893
661.666911,4023.380893
661.994874,3946.143214
662.322777,3892.310893
662.650617,4046.786250
662.978397,3906.354107
663.306115,3826.775893
663.633771,3901.673036
663.961366,3873.586607
664.288899,3754.219286
664.616371,3754.219286
664.943781,3719.111250
665.271130,3871.246071
665.598417,3684.003214
665.925642,3754.219286
666.252806,3684.003214
666.579908,3655.916786
666.906949,3672.300536
667.233927,3641.873571
667.560844,3569.316964
667.887700,3576.338571
668.214493,3625.489821
668.541225,3606.765536
668.867895,3531.868393
669.194503,3513.144107
669.521049,3428.884821
669.847534,3398.457857
670.173956,3435.906429
670.500317,3391.436250
670.826616,3492.079286
671.152852,3342.285000
671.479027,3332.922857
671.805140,3297.814821
672.131191,3262.706786
672.457180,3295.474286
672.783107,3339.944464
673.108972,3290.793214
673.434774,3279.090536
673.760515,3159.723214
674.086194,3232.279821
674.411810,3155.042143
674.737364,3122.274643
675.062856,3122.274643
675.388286,3126.955714
675.713654,3068.442321
676.038960,3178.447500
676.364203,2984.183036
676.689384,2967.799286
677.014503,2981.842500
677.339559,2920.988571
677.664554,3033.334286
677.989485,3005.247857
678.314355,2909.285893
678.639162,2963.118214
678.963907,2986.523571
679.288589,2871.837321
679.613209,2995.885714
679.937766,2834.388750
680.262261,2820.345536
680.586694,2820.345536
680.911064,2747.788929
681.235371,2780.556429
681.559616,2717.361964
681.883798,2806.302321
682.207918,2743.107857
682.531975,2906.945357
682.855970,2665.870179
683.179902,2696.297143
683.503771,2684.594464
683.827578,2672.891786
684.151322,2733.745714
684.475003,2707.999821
684.798621,2649.486429
685.122177,2628.421607
685.445670,2588.632500
685.769100,2607.356786
686.092467,2553.524464
686.415771,2607.356786
686.739013,2560.546071
687.062192,2511.394821
687.385308,2602.675714
687.708361,2516.075893
688.031351,2483.308393
688.354278,2525.438036
688.677142,2565.227143
688.999943,2499.692143
689.322681,2450.540893
689.645356,2438.838214
689.967968,2513.735357
690.290517,2506.713750
690.613003,2424.795000
690.935426,2389.686964
691.257786,2342.876250
691.580082,2356.919464
691.902315,2370.962679
692.224486,2282.022321
692.546593,2410.751786
692.868636,2345.216786
693.190617,2335.854643
693.512534,2389.686964
693.834388,2277.341250
694.156179,2373.303214
694.477907,2291.384464
694.799571,2282.022321
695.121172,2317.130357
695.442709,2209.465714
695.764183,2270.319643
696.085594,2249.254821
696.406941,2260.957500
696.728224,2200.103571
697.049445,2235.211607
697.370602,2209.465714
697.691695,2174.357679
698.012725,2207.125179
698.333691,2218.827857
698.654594,2244.573750
698.975433,2111.163214
699.296208,2204.784643
699.616920,2200.103571
699.937568,2129.887500
700.258153,2139.249643
700.578674,2087.757857
700.899131,2136.909107
701.219525,2097.120000
701.539854,2085.417321
701.860120,2136.909107
702.180323,2120.525357
702.500461,2076.055179
702.820536,2078.395714
703.140547,2136.909107
703.460494,1984.774286
703.780377,2052.649821
704.100196,2057.330893
704.419951,2012.860714
704.739643,2029.244464
705.059270,2010.520179
705.378834,1996.476964
705.698333,2087.757857
706.017769,2038.606607
706.337140,1940.304107
706.656448,1968.390536
706.975691,2069.033571
707.294871,1994.136429
707.613986,2045.628214
707.933037,1956.687857
708.252024,1956.687857
708.570947,1952.006786
708.889805,1872.428571
709.208600,2015.201250
709.527330,1959.028393
709.845996,1947.325714
710.164598,1886.471786
710.483136,1937.963571
710.801609,1963.709464
711.120018,1891.152857
711.438362,1886.471786
711.756643,1933.282500
712.074859,1888.812321
712.393010,1966.050000
712.711097,1851.363750
713.029120,1935.623036
713.347078,1881.790714
713.664972,1844.342143
713.982801,1893.493393
714.300566,1881.790714
714.618266,1874.769107
714.935902,1856.044821
715.253473,1886.471786
715.570980,1846.682679
715.888422,1846.682679
716.205800,1881.790714
716.523112,1891.152857
716.840361,1860.725893
717.157544,1830.298929
717.474663,1870.088036
717.791717,1823.277321
718.108706,1839.661071
718.425631,1856.044821
718.742491,1874.769107
719.059286,1778.807143
719.376016,1858.385357
719.692681,1785.828750
720.009282,1806.893571
720.325818,1785.828750
720.642289,1816.255714
720.958695,1851.363750
721.275036,1778.807143
721.591312,1776.466607
721.907523,1827.958393
722.223669,1792.850357
722.539750,1748.380179
722.855766,1757.742321
723.171718,1748.380179
723.487604,1755.401786
723.803425,1776.466607
724.119180,1771.785536
724.434871,1764.763929
724.750497,1687.526250
725.066057,1783.488214
725.381553,1846.682679
725.696983,1767.104464
726.012348,1755.401786
726.327648,1739.018036
726.642882,1736.677500
726.958051,1788.169286
727.273155,1783.488214
727.588194,1776.466607
727.903167,1729.655893
728.218075,1692.207321
728.532918,1753.061250
728.847695,1710.931607
729.162407,1692.207321
729.477053,1757.742321
729.791634,1720.293750
730.106150,1703.910000
730.420600,1682.845179
730.734985,1720.293750
731.049304,1729.655893
731.363557,1731.996429
731.677745,1652.418214
731.991867,1720.293750
732.305924,1809.234107
732.619915,1788.169286
732.933841,1694.547857
733.247701,1710.931607
733.561495,1701.569464
733.875224,1694.547857
734.188887,1736.677500
734.502484,1715.612679
734.816015,1774.126071
735.129481,1647.737143
735.442881,1671.142500
735.756215,1687.526250
736.069483,1720.293750
736.382686,1706.250536
736.695822,1736.677500
737.008893,1694.547857
737.321898,1675.823571
737.634836,1654.758750
737.947709,1699.228929
738.260516,1743.699107
738.573257,1701.569464
738.885932,1680.504643
739.198541,1706.250536
739.511084,1650.077679
739.823561,1680.504643
740.135972,1664.120893
740.448317,1708.591071
740.760596,1671.142500
741.072808,1687.526250
741.384955,1673.483036
741.697035,1673.483036
742.009049,1692.207321
742.320997,1710.931607
742.632878,1727.315357
742.944694,1605.607500
743.256443,1647.737143
743.568126,1682.845179
743.879742,1659.439821
744.191292,1643.056071
744.502776,1647.737143
744.814194,1643.056071
745.125545,1678.164107
745.436830,1685.185714
745.748048,1692.207321
746.059200,1736.677500
746.370286,1689.866786
746.681305,1621.991250
746.992257,1734.336964
747.303143,1640.715536
747.613963,1640.715536
747.924716,1652.418214
748.235402,1682.845179
748.546022,1673.483036
748.856575,1678.164107
749.167061,1629.012857
749.477481,1673.483036
749.787835,1678.164107
750.098121,1643.056071
750.408341,1572.840000
750.718494,1643.056071
751.028581,1633.693929
751.338600,1675.823571
751.648553,1664.120893
751.958439,1666.461429
752.268259,1593.904821
752.578011,1652.418214
752.887697,1654.758750
753.197315,1657.099286
753.506867,1647.737143
753.816352,1607.948036
754.125770,1661.780357
754.435121,1657.099286
754.744405,1619.650714
755.053622,1605.607500
755.362772,1561.137321
755.671855,1600.926429
755.980871,1706.250536
756.289820,1572.840000
756.598702,1624.331786
756.907517,1654.758750
757.216264,1643.056071
757.524945,1607.948036
757.833558,1626.672321
758.142104,1607.948036
758.450583,1624.331786
758.758995,1645.396607
759.067340,1589.223750
759.375617,1643.056071
759.683827,1586.883214
759.991969,1647.737143
760.300045,1636.034464
760.608053,1535.391429
760.915994,1617.310179
761.223867,1593.904821
761.531673,1629.012857
761.839411,1640.715536
762.147082,1600.926429
762.454686,1636.034464
762.762222,1593.904821
763.069691,1612.629107
763.377092,1621.991250
763.684426,1572.840000
763.991692,1579.861607
764.298890,1640.715536
764.606021,1629.012857
764.913085,1596.245357
765.220080,1638.375000
765.527009,1579.861607
765.833869,1647.737143
766.140662,1647.737143
766.447387,1621.991250
766.754044,1668.801964
767.060634,1657.099286
767.367156,1624.331786
767.673610,1614.969643
767.979996,1664.120893
768.286315,1528.369821
768.592565,1579.861607
768.898748,1572.840000
769.204863,1575.180536
769.510910,1650.077679
769.816889,1589.223750
770.122801,1572.840000
770.428644,1619.650714
770.734419,1600.926429
771.040127,1633.693929
771.345766,1610.288571
771.651337,1600.926429
771.956841,1563.477857
772.262276,1554.115714
772.567643,1584.542679
772.872942,1605.607500
773.178173,1614.969643
773.483336,1631.353393
773.788430,1582.202143
774.093457,1575.180536
774.398415,1612.629107
774.703305,1544.753571
775.008127,1633.693929
775.312881,1523.688750
775.617566,1547.094107
775.922183,1614.969643
776.226732,1643.056071
776.531212,1621.991250
776.835624,1612.629107
777.139968,1596.245357
777.444243,1549.434643
777.748450,1614.969643
778.052588,1610.288571
778.356658,1621.991250
778.660660,1554.115714
778.964593,1582.202143
779.268457,1598.585893
779.572253,1624.331786
779.875981,1584.542679
780.179640,1610.288571
780.483230,1572.840000
780.786752,1617.310179
781.090205,1582.202143
781.393590,1603.266964
781.696906,1617.310179
782.000153,1579.861607
782.303331,1584.542679
782.606441,1621.991250
782.909482,1614.969643
783.212454,1598.585893
783.515358,1605.607500
783.818193,1682.845179
784.120959,1565.818393
784.423656,1596.245357
784.726284,1589.223750
785.028843,1584.542679
785.331334,1596.245357
785.633756,1570.499464
785.936108,1589.223750
786.238392,1614.969643
786.540607,1596.245357
786.842753,1577.521071
787.144830,1572.840000
787.446837,1579.861607
787.748776,1617.310179
788.050646,1507.305000
788.352447,1570.499464
788.654178,1572.840000
788.955841,1626.672321
789.257434,1584.542679
789.558958,1563.477857
789.860413,1530.710357
790.161799,1542.413036
790.463115,1516.667143
790.764363,1514.326607
791.065541,1636.034464
791.366650,1621.991250
791.667689,1596.245357
791.968659,1579.861607
792.269560,1607.948036
792.570392,1633.693929
792.871154,1617.310179
793.171847,1607.948036
793.472470,1586.883214
793.773025,1575.180536
794.073509,1563.477857
794.373924,1572.840000
794.674270,1563.477857
794.974546,1540.072500
795.274753,1593.904821
795.574890,1626.672321
795.874957,1570.499464
796.174955,1610.288571
796.474884,1624.331786
796.774742,1554.115714
797.074532,1652.418214
797.374251,1596.245357
797.673901,1586.883214
797.973481,1584.542679
798.272991,1610.288571
798.572432,1589.223750
798.871803,1584.542679
799.171104,1621.991250
799.470336,1530.710357
799.769497,1563.477857
800.068589,1582.202143
800.367611,1629.012857
800.666563,1577.521071
800.965445,1607.948036
801.264258,1540.072500
801.563000,1579.861607
801.861673,1561.137321
802.160275,1572.840000
802.458808,1596.245357
802.757270,1563.477857
803.055663,1577.521071
803.353985,1535.391429
803.652237,1551.775179
803.950420,1582.202143
804.248532,1603.266964
804.546574,1551.775179
804.844546,1577.521071
805.142448,1530.710357
805.440280,1565.818393
805.738041,1561.137321
806.035733,1582.202143
806.333354,1589.223750
806.630905,1537.731964
806.928385,1617.310179
807.225796,1591.564286
807.523136,1535.391429
807.820405,1607.948036
808.117605,1589.223750
808.414734,1582.202143
808.711792,1598.585893
809.008781,1589.223750
809.305698,1610.288571
809.602546,1500.283393
809.899323,1591.564286
810.196029,1526.029286
810.492665,1533.050893
810.789231,1511.986071
811.085725,1600.926429
811.382150,1626.672321
811.678504,1605.607500
811.974787,1589.223750
812.270999,1636.034464
812.567141,1619.650714
812.863213,1614.969643
813.159213,1645.396607
813.455143,1558.796786
813.751003,1647.737143
814.046791,1593.904821
814.342509,1596.245357
814.638156,1535.391429
814.933732,1579.861607
815.229238,1568.158929
815.524672,1575.180536
815.820036,1575.180536
816.115329,1603.266964
816.410551,1579.861607
816.705703,1603.266964
817.000783,1556.456250
817.295792,1547.094107
817.590731,1577.521071
817.885598,1500.283393
818.180394,1675.823571
818.475120,1542.413036
818.769774,1626.672321
819.064358,1526.029286
819.358870,1575.180536
819.653311,1549.434643
819.947681,1554.115714
820.241980,1572.840000
820.536208,1645.396607
820.830365,1586.883214
821.124450,1526.029286
821.418464,1500.283393
821.712407,1579.861607
822.006279,1586.883214
822.300080,1572.840000
822.593809,1579.861607
822.887467,1572.840000
823.181054,1591.564286
823.474569,1610.288571
823.768013,1596.245357
824.061386,1556.456250
824.354687,1563.477857
824.647917,1563.477857
824.941075,1561.137321
825.234162,1582.202143
825.527178,1511.986071
825.820122,1535.391429
826.112994,1551.775179
826.405795,1563.477857
826.698524,1624.331786
826.991182,1624.331786
827.283768,1575.180536
827.576283,1540.072500
827.868726,1570.499464
828.161097,1600.926429
828.453397,1563.477857
828.745625,1579.861607
829.037781,1561.137321
829.329866,1589.223750
829.621879,1551.775179
829.913820,1544.753571
830.205689,1549.434643
830.497487,1549.434643
830.789213,1570.499464
831.080867,1586.883214
831.372449,1575.180536
831.663959,1563.477857
831.955397,1502.623929
832.246764,1556.456250
832.538058,1582.202143
832.829281,1540.072500
833.120431,1535.391429
833.411510,1558.796786
833.702516,1523.688750
833.993451,1605.607500
834.284313,1584.542679
834.575104,1558.796786
834.865822,1582.202143
835.156468,1537.731964
835.447042,1633.693929
835.737544,1584.542679
836.027974,1556.456250
836.318332,1568.158929
836.608617,1563.477857
836.898830,1528.369821
837.188971,1504.964464
837.479040,1577.521071
837.769037,1511.986071
838.058961,1533.050893
838.348813,1570.499464
838.638592,1572.840000
838.928299,1526.029286
839.217934,1584.542679
839.507497,1537.731964
839.796987,1561.137321
840.086404,1558.796786
840.375749,1579.861607
840.665022,1549.434643
840.954222,1577.521071
841.243350,1558.796786
841.532405,1589.223750
841.821388,1638.375000
842.110298,1568.158929
842.399135,1575.180536
842.687900,1572.840000
842.976593,1579.861607
843.265212,1643.056071
843.553759,1626.672321
843.842233,1617.310179
844.130635,1582.202143
844.418964,1584.542679
844.707220,1589.223750
844.995404,1638.375000
845.283514,1554.115714
845.571552,1547.094107
845.859517,1584.542679
846.147409,1621.991250
846.435229,1561.137321
846.722975,1575.180536
847.010649,1570.499464
847.298249,1572.840000
847.585777,1612.629107
847.873232,1568.158929
848.160614,1547.094107
848.447923,1600.926429
848.735159,1554.115714
849.022322,1607.948036
849.309411,1547.094107
849.596428,1624.331786
849.883372,1589.223750
850.170242,1533.050893
850.457040,1626.672321
850.743764,1526.029286
851.030415,1556.456250
851.316993,1582.202143
851.603498,1572.840000
851.889930,1533.050893
852.176288,1549.434643
852.462573,1577.521071
852.748785,1509.645536
853.034924,1551.775179
853.320989,1586.883214
853.606981,1572.840000
853.892900,1600.926429
854.178745,1547.094107
854.464517,1542.413036
854.750215,1577.521071
855.035840,1558.796786
855.321392,1607.948036
855.606870,1607.948036
855.892275,1579.861607
856.177606,1572.840000
856.462863,1549.434643
856.748047,1523.688750
857.033158,1516.667143
857.318195,1652.418214
857.603158,1584.542679
857.888048,1612.629107
858.172864,1556.456250
858.457606,1528.369821
858.742275,1554.115714
859.026870,1540.072500
859.311392,1603.266964
859.595839,1558.796786
859.880213,1486.240179
860.164513,1572.840000
860.448740,1577.521071
860.732892,1577.521071
861.016971,1617.310179
861.300976,1629.012857
861.584907,1575.180536
861.868764,1582.202143
862.152547,1551.775179
862.436257,1568.158929
862.719892,1516.667143
863.003453,1591.564286
863.286941,1593.904821
863.570354,1575.180536
863.853694,1640.715536
864.136959,1577.521071
864.420150,1558.796786
864.703268,1540.072500
864.986311,1575.180536
865.269280,1540.072500
865.552175,1554.115714
865.834996,1614.969643
866.117742,1565.818393
866.400415,1563.477857
866.683013,1540.072500
866.965537,1582.202143
867.247986,1565.818393
867.530362,1544.753571
867.812663,1579.861607
868.094890,1621.991250
868.377043,1589.223750
868.659121,1614.969643
868.941125,1579.861607
869.223054,1549.434643
869.504909,1565.818393
869.786690,1568.158929
870.068396,1570.499464
870.350028,1561.137321
870.631585,1542.413036
870.913068,1572.840000
871.194476,1617.310179
871.475810,1572.840000
871.757069,1598.585893
872.038254,1596.245357
872.319364,1596.245357
872.600399,1556.456250
872.881360,1544.753571
873.162246,1591.564286
873.443058,1533.050893
873.723794,1593.904821
874.004456,1563.477857
874.285044,1537.731964
874.565556,1528.369821
874.845994,1598.585893
875.126357,1575.180536
875.406646,1598.585893
875.686859,1544.753571
