180.606810,1210.056964
180.999322,1242.824464
181.391798,1203.035357
181.784238,1207.716429
182.176642,1235.802857
182.569009,1224.100179
182.961341,1301.337857
183.353636,1205.375893
183.745896,1329.424286
184.138119,1233.462321
184.530306,1394.959286
184.922457,1284.954107
185.314571,1322.402679
185.706649,1369.213393
186.098692,1320.062143
186.490697,1266.229821
186.882667,1322.402679
187.274600,1348.148571
187.666497,1291.975714
188.058357,1298.997321
188.450181,1343.467500
188.841969,1296.656786
189.233720,1282.613571
189.625435,1336.445893
190.017113,1359.851250
190.408755,1280.273036
190.800360,1364.532321
191.191929,1362.191786
191.583461,1338.786429
191.974957,1364.532321
192.366416,1397.299821
192.757838,1364.532321
193.149224,1301.337857
193.540574,1268.570357
193.931886,1334.105357
194.323162,1341.126964
194.714402,1343.467500
195.105604,1383.256607
195.496770,1341.126964
195.887899,2485.648929
196.278992,1355.170179
196.670047,1334.105357
197.061066,1371.553929
197.452048,1256.867679
197.842993,1329.424286
198.233901,1291.975714
198.624773,1355.170179
199.015607,1336.445893
199.406405,1383.256607
199.797165,1434.748393
200.187889,1334.105357
200.578576,1310.700000
200.969225,1364.532321
201.359838,1392.618750
201.750414,1289.635179
202.140952,1315.381071
202.531454,1308.359464
202.921918,1303.678393
203.312346,1294.316250
203.702736,1334.105357
204.093089,1334.105357
204.483405,1287.294643
204.873683,1378.575536
205.263925,1324.743214
205.654129,1287.294643
206.044296,1336.445893
206.434426,1362.191786
206.824518,1348.148571
207.214574,1320.062143
207.604591,1399.640357
207.994572,1320.062143
208.384515,1329.424286
208.774421,1397.299821
209.164289,1268.570357
209.554120,1284.954107
209.943914,1362.191786
210.333670,1294.316250
210.723389,1303.678393
211.113070,1331.764821
211.502713,1355.170179
211.892319,1352.829643
212.281888,1301.337857
212.671419,1392.618750
213.060912,1334.105357
213.450368,1310.700000
213.839786,1322.402679
214.229167,1287.294643
214.618509,1413.683571
215.007815,1303.678393
215.397082,1313.040536
215.786312,1394.959286
216.175504,1294.316250
216.564658,1334.105357
216.953774,1320.062143
217.342853,1399.640357
217.731894,1317.721607
218.120897,1343.467500
218.509862,1322.402679
218.898789,1371.553929
219.287678,1341.126964
219.676530,1334.105357
220.065343,1310.700000
220.454119,1352.829643
220.842857,1320.062143
221.231556,1376.235000
221.620218,1362.191786
222.008841,1359.851250
222.397427,1336.445893
222.785974,1338.786429
223.174484,1385.597143
223.562955,1329.424286
223.951388,1376.235000
224.339783,1357.510714
224.728140,1371.553929
225.116458,1359.851250
225.504739,1385.597143
225.892981,1331.764821
226.281185,1404.321429
226.669351,1416.024107
227.057478,1455.813214
227.445567,1308.359464
227.833618,1331.764821
228.221631,1317.721607
228.609605,1390.278214
228.997541,1394.959286
229.385438,1352.829643
229.773297,1327.083750
230.161117,1420.705179
230.548900,1322.402679
230.936643,1303.678393
231.324348,1313.040536
231.712015,1324.743214
232.099643,1425.386250
232.487233,1303.678393
232.874783,1364.532321
233.262296,1320.062143
233.649770,1394.959286
234.037205,1411.343036
234.424601,1392.618750
234.811959,1521.348214
235.199278,1439.429464
235.586559,1430.067321
235.973801,1511.986071
236.361004,1528.369821
236.748168,1486.240179
237.135293,1460.494286
237.522380,1423.045714
237.909428,1387.937679
238.296437,1390.278214
238.683407,1411.343036
239.070339,1460.494286
239.457231,1416.024107
239.844085,1411.343036
240.230899,1425.386250
240.617675,1350.489107
241.004412,1303.678393
241.391109,1352.829643
241.777768,1380.916071
242.164388,1301.337857
242.550968,1397.299821
242.937510,1413.683571
243.324012,1310.700000
243.710476,1394.959286
244.096900,1406.661964
244.483285,1507.305000
244.869631,1455.813214
245.255938,1497.942857
245.642206,1437.088929
246.028434,1523.688750
246.414623,1565.818393
246.800773,1607.948036
247.186884,1605.607500
247.572955,1563.477857
247.958987,1579.861607
248.344980,1603.266964
248.730933,1493.261786
249.116847,1591.564286
249.502721,1629.012857
249.888557,1472.196964
250.274352,1504.964464
250.660109,1451.132143
251.045825,1373.894464
251.431503,1404.321429
251.817141,1404.321429
252.202739,1411.343036
252.588298,1345.808036
252.973817,1406.661964
253.359297,1423.045714
253.744737,1423.045714
254.130137,1469.856429
254.515498,1416.024107
254.900819,1397.299821
255.286100,1448.791607
255.671342,1437.088929
256.056544,1427.726786
256.441706,1526.029286
256.826829,1458.153750
257.211912,1554.115714
257.596955,1612.629107
257.981958,1666.461429
258.366921,1621.991250
258.751845,1661.780357
259.136728,1668.801964
259.521572,1603.266964
259.906376,1598.585893
260.291140,1565.818393
260.675864,1551.775179
261.060548,1486.240179
261.445192,1488.580714
261.829796,1446.451071
262.214360,1467.515893
262.598884,1479.218571
262.983368,1409.002500
263.367812,1390.278214
263.752215,1392.618750
264.136579,1397.299821
264.520903,1373.894464
264.905186,1444.110536
265.289429,1430.067321
265.673632,1483.899643
266.057795,1476.878036
266.441917,1399.640357
266.825999,1385.597143
267.210041,1488.580714
267.594043,1570.499464
267.978005,1453.472679
268.361926,1568.158929
268.745806,1523.688750
269.129647,1533.050893
269.513447,1600.926429
269.897206,1603.266964
270.280925,1582.202143
270.664604,1636.034464
271.048242,1659.439821
271.431840,1551.775179
271.815397,1523.688750
272.198914,1586.883214
272.582390,1453.472679
272.965826,1521.348214
273.349221,1530.710357
273.732576,1516.667143
274.115890,1462.834821
274.499163,1453.472679
274.882395,1448.791607
275.265587,1465.175357
275.648739,1486.240179
276.031849,1441.770000
276.414919,1474.537500
276.797948,1392.618750
277.180936,1401.980893
277.563884,1444.110536
277.946790,1476.878036
278.329656,1418.364643
278.712481,1509.645536
279.095265,1423.045714
279.478009,1495.602321
279.860711,1511.986071
280.243372,1568.158929
280.625993,1680.504643
281.008572,1617.310179
281.391111,1577.521071
281.773609,1591.564286
282.156065,1659.439821
282.538481,1680.504643
282.920855,1624.331786
283.303188,1661.780357
283.685481,1682.845179
284.067732,1652.418214
284.449942,1621.991250
284.832111,1542.413036
285.214239,1629.012857
285.596325,1619.650714
285.978370,1556.456250
286.360375,1474.537500
286.742337,1633.693929
287.124259,1516.667143
287.506139,1472.196964
287.887978,1490.921250
288.269776,1526.029286
288.651532,1488.580714
289.033247,1493.261786
289.414921,1558.796786
289.796553,1455.813214
290.178144,1523.688750
290.559693,1516.667143
290.941201,1528.369821
291.322668,1467.515893
291.704092,1467.515893
292.085476,1476.878036
292.466818,1565.818393
292.848118,1640.715536
293.229377,1701.569464
293.610594,1886.471786
293.991769,1944.985179
294.372903,2106.482143
294.753996,2256.276429
295.135046,2424.795000
295.516055,2679.913393
295.897022,2684.594464
296.277948,2825.026607
296.658832,2871.837321
297.039674,2794.599643
297.420474,2729.064643
297.801232,2750.129464
298.181949,2635.443214
298.562623,2417.773393
298.943256,2303.087143
299.323847,2129.887500
299.704396,2024.563393
300.084904,1881.790714
300.465369,1760.082857
300.845792,1748.380179
301.226173,1706.250536
301.606513,1591.564286
301.986810,1547.094107
302.367065,1509.645536
302.747278,1474.537500
303.127450,1589.223750
303.507579,1502.623929
303.887666,1565.818393
304.267710,1713.272143
304.647713,1736.677500
305.027674,2001.158036
305.407592,2267.979107
305.787468,2761.832143
306.167302,3211.215000
306.547094,3646.554643
306.926843,4189.558929
307.306550,4828.525179
307.686215,5088.324643
308.065838,5558.772321
308.445418,5666.436964
308.824956,5930.917500
309.204451,5942.620179
309.583904,5846.658214
309.963315,5937.939107
310.342683,5746.015179
310.722009,6120.500893
311.101292,6087.733393
311.480533,6186.035893
311.859731,6469.240714
312.238887,7295.449821
312.618000,8503.166250
312.997070,10518.367500
313.376098,12229.299107
313.755084,14064.279107
314.134027,14967.725893
314.512927,15831.383571
314.891784,16554.609107
315.270599,16613.122500
315.649371,16418.858036
316.028101,15424.130357
316.406787,14291.311071
316.785431,12416.541964
317.164032,10293.676071
317.542590,8592.106607
317.921106,7033.309821
318.299579,5710.907143
318.678008,4510.212321
319.056395,3918.056786
319.434739,3185.469107
319.813040,2679.913393
320.191299,2387.346429
320.569514,2050.309286
320.947686,1781.147679
321.325815,1701.569464
321.703902,1629.012857
322.081945,1561.137321
322.459945,1633.693929
322.837902,1666.461429
323.215816,1600.926429
323.593687,1572.840000
323.971515,1607.948036
324.349300,1542.413036
324.727041,1659.439821
325.104740,1607.948036
325.482395,1774.126071
325.860007,1830.298929
326.237575,1879.450179
326.615101,1795.190893
326.992583,1902.855536
327.370022,1959.028393
327.747417,1888.812321
328.124769,2019.882321
328.502078,2008.179643
328.879344,2122.865893
329.256566,2090.098393
329.633745,2073.714643
330.010880,2094.779464
330.387972,2310.108750
330.765020,2265.638571
331.142025,2452.881429
331.518986,2537.140714
331.895904,2658.848571
332.272778,2862.475179
332.649609,3272.068929
333.026396,4224.666964
333.403140,6078.371250
333.779839,9837.271607
334.156496,17275.494107
334.533108,25296.510000
334.909677,32985.169821
335.286202,38897.363036
335.662684,43475.450893
336.039122,47449.680536
336.415516,49155.931071
336.791866,49492.968214
337.168172,48610.586250
337.544435,45448.522500
337.920654,39901.452857
338.296829,33804.357321
338.672960,26745.301607
339.049047,21439.307143
339.425090,16744.192500
339.801090,12875.286964
340.177045,10094.730536
340.552956,7393.752321
340.928824,5441.745536
341.304647,3927.418929
341.680427,2829.707679
342.056162,2167.336071
342.431853,1785.828750
342.807501,1720.293750
343.183104,1680.504643
343.558663,1617.310179
343.934178,1650.077679
344.309648,1570.499464
344.685075,1657.099286
345.060457,1582.202143
345.435795,1568.158929
345.811089,1603.266964
346.186339,1713.272143
346.561544,1694.547857
346.936705,1799.871964
347.311822,1905.196071
347.686895,2012.860714
348.061923,2204.784643
348.436907,2275.000714
348.811846,2387.346429
349.186741,2499.692143
349.561591,2740.767321
349.936397,3084.826071
350.311159,3896.991964
350.685876,5048.535536
351.060549,6523.073036
351.435177,8215.280357
351.809760,9352.780714
352.184299,10448.151429
352.558794,11405.430536
352.933244,11826.726964
353.307649,12573.357857
353.682009,13366.799464
354.056325,14801.547857
354.430597,16973.565000
354.804823,21708.468750
355.179005,27658.110536
355.553142,33404.125714
355.927234,37373.674286
356.301282,40650.424286
356.675285,42277.096607
357.049243,43255.440536
357.423156,43491.834643
357.797024,40893.840000
358.170848,37954.127143
358.544626,33640.519821
358.918360,27531.721607
359.292048,21862.944107
359.665692,16805.046429
360.039291,12690.384643
360.412845,10174.308750
360.786354,7889.945893
361.159818,5771.761071
361.533236,4294.883036
361.906610,3124.615179
362.279939,2450.540893
362.653222,1989.455357
363.026461,1795.190893
363.399654,1650.077679
363.772802,1729.655893
364.145905,1743.699107
364.518963,1809.234107
364.891975,1816.255714
365.264943,1858.385357
365.637865,1989.455357
366.010742,1923.920357
366.383573,1881.790714
366.756359,1919.239286
367.129100,2012.860714
367.501796,2073.714643
367.874446,2307.768214
368.247051,2546.502857
368.619610,2878.858929
368.992124,3225.258214
369.364593,3475.695536
369.737016,3770.603036
370.109394,3812.732679
370.481726,3936.781071
370.854012,3913.375714
371.226253,4035.083571
371.598449,4112.321250
371.970599,4271.477679
372.342703,4856.611607
372.714762,5717.928750
373.086775,7290.768750
373.458742,8596.787679
373.830664,9731.947500
374.202540,10860.085714
374.574371,11279.041607
374.946155,11470.965536
375.317894,11026.263750
375.689587,11047.328571
376.061235,10417.724464
376.432836,9858.336429
376.804392,9446.402143
377.175902,8896.376250
377.547366,9738.969107
377.918784,11665.230000
378.290156,13659.366429
378.661482,15653.502857
379.032763,16947.819107
379.403997,18038.508750
379.775186,18642.366964
380.146328,18466.826786
380.517424,18022.125000
380.888475,17139.743036
381.259479,15070.709464
381.630437,13088.275714
382.001350,10630.713214
382.372216,8641.257857
382.743036,6516.051429
383.113809,5289.610714
383.484537,4138.067143
383.855218,3487.398214
384.225854,2848.431964
384.596443,2495.011071
384.966985,2195.422500
385.337482,2031.585000
385.707932,2045.628214
386.078336,2186.060357
386.448693,2509.054286
386.819005,3014.610000
387.189270,3941.462143
387.559488,5474.513036
387.929660,7826.751429
388.299786,11138.609464
388.669865,16414.176964
389.039898,22925.547321
389.409884,29713.100893
389.779824,34422.258750
390.149717,38621.179821
390.519564,41886.227143
390.889364,42742.863214
391.259118,42546.258214
391.628825,41347.903929
391.998485,37574.960357
392.368099,35033.138571
392.737666,28774.546071
393.107187,23309.395179
393.476661,17350.391250
393.846088,13383.183214
394.215468,10958.388214
394.584802,8662.322679
394.954089,6656.483571
395.323329,5198.329821
395.692522,3976.570179
396.061669,3447.609107
396.430768,3225.258214
396.799821,3400.798393
397.168827,3838.478571
397.537786,4739.584821
397.906698,5469.831964
398.275563,5994.111964
398.644382,6492.646071
399.013153,6658.824107
399.381877,6558.181071
399.750554,6738.402321
400.119184,6368.597679
400.487768,5891.128393
400.856304,5352.805179
401.224793,4582.768929
401.593235,4035.083571
401.961629,3517.825179
402.329977,3372.711964
402.698277,3379.733571
403.066531,3719.111250
403.434737,4638.941786
403.802896,5582.177679
404.171007,6129.863036
404.539072,6813.299464
404.907089,7283.747143
405.275058,7503.757500
405.642981,7440.563036
406.010856,7426.519821
406.378684,7208.850000
406.746464,6345.192321
407.114197,5619.626250
407.481883,4772.352321
407.849521,3943.802679
408.217112,3232.279821
408.584655,2822.686071
408.952151,2469.265179
409.319599,2197.763036
409.686999,1984.774286
410.054353,1748.380179
410.421658,1736.677500
410.788916,1727.315357
411.156127,1621.991250
411.523289,1739.018036
411.890404,1778.807143
412.257472,1842.001607
412.624492,1891.152857
412.991464,1881.790714
413.358388,1811.574643
413.725265,1914.558214
414.092094,1799.871964
414.458875,1750.720714
414.825608,1813.915179
415.192294,1783.488214
415.558931,1771.785536
415.925521,1673.483036
416.292063,1685.185714
416.658557,1799.871964
417.025003,1830.298929
417.391401,2010.520179
417.757751,2209.465714
418.124054,2380.324821
418.490308,2499.692143
418.856514,2581.610893
419.222672,2633.102679
419.588783,2794.599643
419.954845,2635.443214
420.320859,2642.464821
420.686825,2630.762143
421.052743,2527.778571
421.418612,2445.859821
421.784434,2284.362857
422.150207,2232.871071
422.515932,2193.081964
422.881609,2267.979107
423.247238,2553.524464
423.612818,2850.772500
423.978350,3564.635893
424.343834,4531.277143
424.709270,5916.874286
425.074657,7494.395357
425.439996,9320.013214
425.805286,11585.651786
426.170529,13600.853036
426.535722,15211.141607
426.900867,16130.972143
427.265964,16060.756071
427.631013,15634.778571
427.996012,15035.601429
428.360964,13902.782143
428.725867,12191.850536
429.090721,10312.400357
429.455527,8362.734107
429.820284,6136.884643
430.184992,4802.779286
430.549652,3723.792321
430.914264,3246.323036
431.278826,2644.805357
431.643340,2464.584107
432.007805,2443.519286
432.372222,2649.486429
432.736590,2775.875357
433.100909,3019.291071
433.465179,3173.766429
433.829401,3040.355893
434.193573,3075.463929
434.557697,2928.010179
434.921772,2874.177857
435.285798,2850.772500
435.649775,2614.378393
436.013704,2413.092321
436.377583,2069.033571
436.741414,1928.601429
437.105195,1839.661071
437.468928,1643.056071
437.832611,1593.904821
438.196246,1603.266964
438.559831,1582.202143
438.923367,1502.623929
439.286855,1607.948036
439.650293,1638.375000
440.013682,1570.499464
440.377022,1528.369821
440.740313,1755.401786
441.103554,1638.375000
441.466747,1675.823571
441.829890,1596.245357
442.192984,1554.115714
442.556029,1570.499464
442.919024,1575.180536
443.281970,1556.456250
443.644867,1661.780357
444.007715,1474.537500
444.370513,1586.883214
444.733262,1479.218571
445.095961,1547.094107
445.458611,1519.007679
445.821212,1490.921250
446.183763,1579.861607
446.546265,1598.585893
446.908717,1678.164107
447.271119,1701.569464
447.633473,1804.553036
447.995776,1804.553036
448.358030,1844.342143
448.720235,1755.401786
449.082390,1746.039643
449.444495,1774.126071
449.806551,1750.720714
450.168557,1638.375000
450.530513,1654.758750
450.892420,1591.564286
451.254277,1554.115714
451.616084,1451.132143
451.977841,1493.261786
452.339549,1526.029286
452.701207,1502.623929
453.062815,1474.537500
453.424373,1483.899643
453.785882,1434.748393
454.147340,1549.434643
454.508749,1600.926429
454.870108,1654.758750
455.231416,1853.704286
455.592675,1879.450179
455.953884,1898.174464
456.315043,2015.201250
456.676152,2045.628214
457.037211,2062.011964
457.398220,1998.817500
457.759179,2019.882321
458.120088,1842.001607
458.480946,1870.088036
458.841755,1849.023214
459.202513,1727.315357
459.563222,1664.120893
459.923880,1556.456250
460.284488,1537.731964
460.645045,1542.413036
461.005553,1458.153750
461.366010,1465.175357
461.726417,1434.748393
462.086774,1483.899643
462.447080,1551.775179
462.807336,1507.305000
463.167542,1607.948036
463.527697,1605.607500
463.887802,1605.607500
464.247857,1692.207321
464.607861,1767.104464
464.967814,1834.980000
465.327718,1907.536607
465.687570,1923.920357
466.047373,2019.882321
466.407124,2054.990357
466.766826,2076.055179
467.126476,2139.249643
467.486076,2211.806250
467.845626,2424.795000
468.205125,2466.924643
468.564573,2759.491607
468.923971,3002.907321
469.283317,3328.241786
469.642614,3611.446607
470.001859,3719.111250
470.361054,3955.505357
470.720198,3758.900357
471.079291,3749.538214
471.438334,3627.830357
471.797326,3337.603929
472.156266,3124.615179
472.515156,2937.372321
472.873996,2473.946250
473.232784,2118.184821
473.591521,1916.898750
473.950208,1778.807143
474.308843,1600.926429
474.667428,1540.072500
475.025962,1526.029286
475.384444,1495.602321
475.742876,1455.813214
476.101256,1479.218571
476.459586,1469.856429
476.817864,1437.088929
477.176092,1446.451071
477.534268,1458.153750
477.892393,1472.196964
478.250467,1434.748393
478.608490,1481.559107
478.966461,1521.348214
479.324382,1542.413036
479.682251,1490.921250
480.040069,1647.737143
480.397836,1607.948036
480.755551,1607.948036
481.113215,1544.753571
481.470828,1572.840000
481.828389,1577.521071
482.185899,1558.796786
482.543358,1570.499464
482.900765,1514.326607
483.258121,1502.623929
483.615426,1472.196964
483.972679,1493.261786
484.329880,1437.088929
484.687030,1472.196964
485.044129,1523.688750
485.401176,1460.494286
485.758171,1411.343036
486.115115,1430.067321
486.472007,1434.748393
486.828848,1446.451071
487.185637,1434.748393
487.542374,1481.559107
487.899060,1502.623929
488.255694,1549.434643
488.612277,1523.688750
488.968807,1570.499464
489.325286,1565.818393
489.681713,1591.564286
490.038089,1591.564286
490.394412,1591.564286
490.750684,1643.056071
491.106904,1694.547857
491.463072,1741.358571
491.819188,1750.720714
492.175252,1678.164107
492.531264,1710.931607
492.887225,1631.353393
493.243133,1509.645536
493.598990,1556.456250
493.954794,1556.456250
494.310547,1549.434643
494.666247,1434.748393
495.021896,1469.856429
495.377492,1409.002500
495.733036,1469.856429
496.088528,1432.407857
496.443968,1455.813214
496.799356,1455.813214
497.154692,1453.472679
497.509975,1373.894464
497.865207,1483.899643
498.220386,1528.369821
498.575513,1432.407857
498.930587,1385.597143
499.285610,1371.553929
499.640580,1455.813214
499.995497,1444.110536
500.350363,1481.559107
500.705176,1598.585893
501.059937,1570.499464
501.414645,1589.223750
501.769301,1619.650714
502.123904,1633.693929
502.478455,1678.164107
502.832954,1685.185714
503.187400,1696.888393
503.541793,1666.461429
503.896134,1586.883214
504.250422,1572.840000
504.604658,1542.413036
504.958842,1535.391429
505.312972,1621.991250
505.667050,1579.861607
506.021076,1572.840000
506.375048,1582.202143
506.728969,1626.672321
507.082836,1526.029286
507.436651,1600.926429
507.790412,1575.180536
508.144122,1519.007679
508.497778,1535.391429
508.851382,1497.942857
509.204932,1577.521071
509.558430,1572.840000
509.911875,1565.818393
510.265268,1483.899643
510.618607,1516.667143
510.971893,1458.153750
511.325127,1511.986071
511.678307,1603.266964
512.031435,1891.152857
512.384509,1530.710357
512.737531,1462.834821
513.090500,1540.072500
513.443415,1568.158929
513.796277,1500.283393
514.149087,1516.667143
514.501843,1549.434643
514.854546,1540.072500
515.207196,1565.818393
515.559793,1465.175357
515.912337,1523.688750
516.264827,1582.202143
516.617264,1528.369821
516.969648,1537.731964
517.321979,1556.456250
517.674257,1488.580714
518.026481,1509.645536
518.378652,1586.883214
518.730769,1575.180536
519.082833,1643.056071
519.434844,1631.353393
519.786802,1706.250536
520.138706,1703.910000
520.490556,1739.018036
520.842353,1781.147679
521.194097,1881.790714
521.545787,1912.217679
521.897424,2015.201250
522.249007,2031.585000
522.600537,1930.941964
522.952013,2026.903929
523.303435,2003.498571
523.654804,1937.963571
524.006120,1961.368929
524.357381,1844.342143
524.708589,1785.828750
525.059743,1753.061250
525.410844,1631.353393
525.761891,1631.353393
526.112884,1591.564286
526.463823,1568.158929
526.814709,1598.585893
527.165541,1549.434643
527.516319,1486.240179
527.867043,1476.878036
528.217713,1497.942857
528.568330,1526.029286
528.918893,1551.775179
529.269401,1668.801964
529.619856,1554.115714
529.970257,1614.969643
530.320604,1549.434643
530.670897,1598.585893
531.021135,1568.158929
531.371320,1633.693929
531.721451,1624.331786
532.071528,1558.796786
532.421551,1563.477857
532.771519,1556.456250
533.121434,1469.856429
533.471294,1558.796786
533.821100,1540.072500
534.170852,1533.050893
534.520550,1528.369821
534.870193,1497.942857
535.219783,1490.921250
535.569318,1390.278214
535.918799,1411.343036
536.268225,1437.088929
536.617597,1390.278214
536.966915,1385.597143
537.316179,1509.645536
537.665388,1380.916071
538.014543,1409.002500
538.363643,1420.705179
538.712689,1366.872857
539.061681,1432.407857
539.410618,1469.856429
539.759501,1418.364643
540.108329,1430.067321
540.457102,1392.618750
540.805821,1392.618750
541.154486,1476.878036
541.503096,1446.451071
541.851651,1439.429464
542.200152,1476.878036
542.548598,1514.326607
542.896989,1537.731964
543.245326,1486.240179
543.593608,1551.775179
543.941835,1521.348214
544.290008,1495.602321
544.638126,1500.283393
544.986189,1507.305000
545.334197,1437.088929
545.682151,1511.986071
546.030049,1523.688750
546.377893,1462.834821
546.725682,1504.964464
547.073416,1547.094107
547.421095,1418.364643
547.768720,1600.926429
548.116289,1430.067321
548.463803,1451.132143
548.811263,1434.748393
549.158667,1460.494286
549.506017,1416.024107
549.853311,1465.175357
550.200550,1458.153750
550.547734,1472.196964
550.894863,1490.921250
551.241937,1453.472679
551.588956,1495.602321
551.935920,1441.770000
552.282829,1411.343036
552.629682,1458.153750
552.976480,1523.688750
553.323223,1495.602321
553.669911,1519.007679
554.016543,1526.029286
554.363120,1516.667143
554.709642,1467.515893
555.056108,1551.775179
555.402520,1549.434643
555.748875,1542.413036
556.095176,1535.391429
556.441421,1638.375000
556.787610,1657.099286
557.133745,1657.099286
557.479823,1703.910000
557.825846,1680.504643
558.171814,1652.418214
558.517726,1659.439821
558.863583,1774.126071
559.209384,1731.996429
559.555130,1837.320536
559.900820,1743.699107
560.246454,1724.974821
560.592033,1624.331786
560.937556,1638.375000
561.283023,1598.585893
561.628435,1612.629107
561.973791,1640.715536
562.319091,1619.650714
562.664336,1528.369821
563.009524,1570.499464
563.354657,1469.856429
563.699735,1591.564286
564.044756,1537.731964
564.389721,1533.050893
564.734631,1448.791607
565.079485,1467.515893
565.424283,1404.321429
565.769025,1444.110536
566.113711,1439.429464
566.458341,1392.618750
566.802915,1490.921250
567.147433,1394.959286
567.491895,1371.553929
567.836301,1399.640357
568.180651,1448.791607
568.524945,1434.748393
568.869183,1352.829643
569.213365,1509.645536
569.557490,1425.386250
569.901560,1441.770000
570.245573,1448.791607
570.589530,1432.407857
570.933431,1392.618750
571.277276,1462.834821
571.621064,1394.959286
571.964797,1469.856429
572.308472,1418.364643
572.652092,1481.559107
572.995655,1490.921250
573.339162,1516.667143
573.682613,1467.515893
574.026007,1488.580714
574.369345,1483.899643
574.712626,1460.494286
575.055851,1453.472679
575.399020,1406.661964
575.742132,1481.559107
576.085187,1455.813214
576.428186,1537.731964
576.771129,1448.791607
577.114015,1437.088929
577.456844,1507.305000
577.799617,1486.240179
578.142333,1488.580714
578.484993,1533.050893
578.827596,1502.623929
579.170142,1451.132143
579.512632,1530.710357
579.855064,1530.710357
580.197441,1418.364643
580.539760,1535.391429
580.882023,1535.391429
581.224229,1572.840000
581.566378,1544.753571
581.908470,1572.840000
582.250505,1570.499464
582.592484,1570.499464
582.934406,1584.542679
583.276270,1579.861607
583.618078,1591.564286
583.959829,1614.969643
584.301523,1607.948036
584.643160,1584.542679
584.984740,1598.585893
585.326263,1577.521071
585.667729,1645.396607
586.009138,1788.169286
586.350490,1874.769107
586.691785,1905.196071
587.033023,2052.649821
587.374203,2047.968750
587.715327,2045.628214
588.056393,2008.179643
588.397402,2008.179643
588.738354,2129.887500
589.079249,1998.817500
589.420086,1926.260893
589.760866,1863.066429
590.101589,1689.866786
590.442255,1643.056071
590.782863,1619.650714
591.123414,1570.499464
591.463908,1607.948036
591.804344,1607.948036
592.144723,1504.964464
592.485044,1528.369821
592.825308,1589.223750
593.165515,1631.353393
593.505664,1619.650714
593.845755,1640.715536
594.185789,1687.526250
594.525766,1549.434643
594.865685,1682.845179
595.205546,1596.245357
595.545350,1643.056071
595.885097,1694.547857
596.224785,1617.310179
596.564416,1673.483036
596.903990,1668.801964
597.243505,1748.380179
597.582963,1769.445000
597.922363,1799.871964
598.261706,1746.039643
598.600991,1842.001607
598.940218,1710.931607
599.279387,1813.915179
599.618498,1797.531429
599.957552,1818.596250
600.296547,1767.104464
600.635485,1816.255714
600.974365,1820.936786
601.313187,1760.082857
601.651951,1727.315357
601.990657,1776.466607
602.329306,1823.277321
602.667896,1774.126071
603.006428,1673.483036
603.344902,1610.288571
603.683318,1624.331786
604.021676,1596.245357
604.359976,1507.305000
604.698218,1582.202143
605.036402,1629.012857
605.374528,1689.866786
605.712595,1764.763929
606.050604,1626.672321
606.388555,1678.164107
606.726448,1610.288571
607.064283,1500.283393
607.402059,1474.537500
607.739777,1486.240179
608.077437,1551.775179
608.415039,1535.391429
608.752582,1633.693929
609.090067,1568.158929
609.427493,1504.964464
609.764861,1483.899643
610.102171,1458.153750
610.439422,1472.196964
610.776615,1411.343036
611.113749,1495.602321
611.450825,1490.921250
611.787842,1488.580714
612.124801,1502.623929
612.461701,1465.175357
612.798543,1460.494286
613.135326,1404.321429
613.472051,1479.218571
613.808717,1481.559107
614.145324,1570.499464
614.481873,1497.942857
614.818363,1502.623929
615.154794,1535.391429
615.491166,1647.737143
615.827480,1617.310179
616.163735,1614.969643
616.499932,1687.526250
616.836069,1554.115714
617.172148,1624.331786
617.508168,1629.012857
617.844129,1526.029286
618.180031,1486.240179
618.515874,1493.261786
618.851658,1495.602321
619.187384,1420.705179
619.523050,1392.618750
619.858658,1509.645536
620.194206,1469.856429
620.529696,1406.661964
620.865127,1385.597143
621.200498,1427.726786
621.535810,1399.640357
621.871064,1371.553929
622.206258,1350.489107
622.541393,1418.364643
622.876469,1441.770000
623.211486,1439.429464
623.546444,1472.196964
623.881342,1350.489107
624.216182,1411.343036
624.550962,1425.386250
624.885682,1542.413036
625.220344,1474.537500
625.554946,1371.553929
625.889489,1397.299821
626.223973,1404.321429
626.558397,1432.407857
626.892762,1460.494286
627.227067,1455.813214
627.561313,1416.024107
627.895500,1378.575536
628.229627,1416.024107
628.563695,1537.731964
628.897703,1401.980893
629.231652,1399.640357
629.565542,1369.213393
629.899371,1437.088929
630.233142,1455.813214
630.566852,1495.602321
630.900503,1497.942857
631.234095,1425.386250
631.567626,1462.834821
631.901099,1446.451071
632.234511,1430.067321
632.567864,1554.115714
632.901157,1551.775179
633.234390,1495.602321
633.567564,1486.240179
633.900678,1460.494286
634.233732,1521.348214
634.566726,1514.326607
634.899660,1469.856429
635.232535,1516.667143
635.565349,1607.948036
635.898104,1504.964464
636.230799,1570.499464
636.563434,1664.120893
636.896009,1570.499464
637.228524,1596.245357
637.560979,1582.202143
637.893375,1528.369821
638.225710,1708.591071
638.557985,1607.948036
638.890200,1650.077679
639.222355,1659.439821
639.554450,1682.845179
639.886484,1633.693929
640.218459,1706.250536
640.550373,1692.207321
640.882228,1743.699107
641.214022,1668.801964
641.545756,1645.396607
641.877429,1675.823571
642.209043,1647.737143
642.540596,1647.737143
642.872089,1657.099286
643.203521,1607.948036
643.534894,1666.461429
643.866205,1727.315357
644.197457,1577.521071
644.528648,1640.715536
644.859779,1671.142500
645.190849,1687.526250
645.521859,1699.228929
645.852809,1668.801964
646.183698,1771.785536
646.514526,1739.018036
646.845294,1664.120893
647.176002,1640.715536
647.506648,1584.542679
647.837235,1556.456250
648.167761,1600.926429
648.498226,1554.115714
648.828630,1540.072500
649.158974,1570.499464
649.489257,1528.369821
649.819480,1600.926429
650.149641,1586.883214
650.479742,1647.737143
650.809783,1589.223750
651.139762,1727.315357
651.469681,1783.488214
651.799539,1708.591071
652.129336,1888.812321
652.459073,1724.974821
652.788748,1872.428571
653.118363,1755.401786
653.447916,1771.785536
653.777409,1820.936786
654.106841,1823.277321
654.436212,1769.445000
654.765522,1804.553036
655.094771,1898.174464
655.423958,1722.634286
655.753085,1603.266964
656.082151,1647.737143
656.411156,1621.991250
656.740100,1640.715536
657.068982,1607.948036
657.397803,1692.207321
657.726564,1607.948036
658.055263,1619.650714
658.383901,1692.207321
658.712478,1764.763929
659.040993,1781.147679
659.369447,1832.639464
659.697840,1942.644643
660.026172,1916.898750
660.354442,1874.769107
660.682652,1961.368929
661.010799,1959.028393
661.338886,1909.877143
661.666911,1895.833929
661.994874,1846.682679
662.322777,1825.617857
662.650617,1792.850357
662.978397,1762.423393
663.306115,1724.974821
663.633771,1654.758750
663.961366,1661.780357
664.288899,1645.396607
664.616371,1603.266964
664.943781,1589.223750
665.271130,1645.396607
665.598417,1762.423393
665.925642,1668.801964
666.252806,1657.099286
666.579908,1832.639464
666.906949,1760.082857
667.233927,1935.623036
667.560844,1813.915179
667.887700,1893.493393
668.214493,1944.985179
668.541225,1872.428571
668.867895,1865.406964
669.194503,1816.255714
669.521049,1846.682679
669.847534,1804.553036
670.173956,1748.380179
670.500317,1699.228929
670.826616,1675.823571
671.152852,1626.672321
671.479027,1626.672321
671.805140,1533.050893
672.131191,1577.521071
672.457180,1530.710357
672.783107,1570.499464
673.108972,1523.688750
673.434774,1458.153750
673.760515,1458.153750
674.086194,1542.413036
674.411810,1561.137321
674.737364,1540.072500
675.062856,1547.094107
675.388286,1593.904821
675.713654,1526.029286
676.038960,1605.607500
676.364203,1591.564286
676.689384,1633.693929
677.014503,1483.899643
677.339559,1561.137321
677.664554,1638.375000
677.989485,1600.926429
678.314355,1584.542679
678.639162,1607.948036
678.963907,1547.094107
679.288589,1535.391429
679.613209,1533.050893
679.937766,2022.222857
680.262261,1629.012857
680.586694,1500.283393
680.911064,1488.580714
681.235371,1521.348214
681.559616,1488.580714
681.883798,1427.726786
682.207918,1413.683571
682.531975,1455.813214
682.855970,1427.726786
683.179902,1385.597143
683.503771,1418.364643
683.827578,1444.110536
684.151322,1493.261786
684.475003,1364.532321
684.798621,1432.407857
685.122177,1483.899643
685.445670,1399.640357
685.769100,1446.451071
686.092467,1446.451071
686.415771,1401.980893
686.739013,1406.661964
687.062192,1455.813214
687.385308,1413.683571
687.708361,1308.359464
688.031351,1418.364643
688.354278,1355.170179
688.677142,1411.343036
688.999943,1350.489107
689.322681,1350.489107
689.645356,1423.045714
689.967968,1362.191786
690.290517,1366.872857
690.613003,1341.126964
690.935426,1341.126964
691.257786,1355.170179
691.580082,1315.381071
691.902315,1348.148571
692.224486,1380.916071
692.546593,1399.640357
692.868636,1336.445893
693.190617,1359.851250
693.512534,1490.921250
693.834388,1341.126964
694.156179,1338.786429
694.477907,1350.489107
694.799571,1390.278214
695.121172,1406.661964
695.442709,1376.235000
695.764183,1350.489107
696.085594,1331.764821
696.406941,1287.294643
696.728224,1317.721607
697.049445,1280.273036
697.370602,1418.364643
697.691695,1418.364643
698.012725,1317.721607
698.333691,1444.110536
698.654594,1350.489107
698.975433,1399.640357
699.296208,1397.299821
699.616920,1366.872857
699.937568,1453.472679
700.258153,1394.959286
700.578674,1481.559107
700.899131,1315.381071
701.219525,1434.748393
701.539854,1399.640357
701.860120,1394.959286
702.180323,1418.364643
702.500461,1416.024107
702.820536,1544.753571
703.140547,1392.618750
703.460494,1390.278214
703.780377,1593.904821
704.100196,1792.850357
704.419951,1975.412143
704.739643,2120.525357
705.059270,2282.022321
705.378834,2324.151964
705.698333,2457.562500
706.017769,2441.178750
706.337140,2544.162321
706.656448,2581.610893
706.975691,2539.481250
707.294871,2516.075893
707.613986,2518.416429
707.933037,2352.238393
708.252024,2099.460536
708.570947,2656.508036
708.889805,1834.980000
709.208600,1731.996429
709.527330,1661.780357
709.845996,1661.780357
710.164598,1551.775179
710.483136,1430.067321
710.801609,1467.515893
711.120018,1409.002500
711.438362,1409.002500
711.756643,1427.726786
712.074859,1320.062143
712.393010,1320.062143
712.711097,1362.191786
713.029120,1406.661964
713.347078,1406.661964
713.664972,1371.553929
713.982801,1409.002500
714.300566,1444.110536
714.618266,1369.213393
714.935902,1394.959286
715.253473,1397.299821
715.570980,1373.894464
715.888422,1462.834821
716.205800,1392.618750
716.523112,1350.489107
716.840361,1366.872857
717.157544,1343.467500
717.474663,1397.299821
717.791717,1399.640357
718.108706,1390.278214
718.425631,1397.299821
718.742491,1324.743214
719.059286,1387.937679
719.376016,1380.916071
719.692681,1416.024107
720.009282,1341.126964
720.325818,1409.002500
720.642289,1296.656786
720.958695,1355.170179
721.275036,1334.105357
721.591312,1397.299821
721.907523,1383.256607
722.223669,1418.364643
722.539750,1406.661964
722.855766,1331.764821
723.171718,1425.386250
723.487604,1394.959286
723.803425,1366.872857
724.119180,1392.618750
724.434871,1420.705179
724.750497,1469.856429
725.066057,1401.980893
725.381553,1434.748393
725.696983,1453.472679
726.012348,1519.007679
726.327648,1579.861607
726.642882,1453.472679
726.958051,1479.218571
727.273155,1404.321429
727.588194,1523.688750
727.903167,1476.878036
728.218075,1469.856429
728.532918,1469.856429
728.847695,1514.326607
729.162407,1479.218571
729.477053,1507.305000
729.791634,1399.640357
730.106150,1380.916071
730.420600,1409.002500
730.734985,1373.894464
731.049304,1345.808036
731.363557,1416.024107
731.677745,1500.283393
731.991867,1425.386250
732.305924,1383.256607
732.619915,1420.705179
732.933841,1355.170179
733.247701,1385.597143
733.561495,1430.067321
733.875224,1373.894464
734.188887,1437.088929
734.502484,1359.851250
734.816015,1495.602321
735.129481,1535.391429
735.442881,1547.094107
735.756215,1451.132143
736.069483,1462.834821
736.382686,1394.959286
736.695822,1430.067321
737.008893,1460.494286
737.321898,1448.791607
737.634836,1465.175357
737.947709,1413.683571
738.260516,1416.024107
738.573257,1350.489107
738.885932,1441.770000
739.198541,1474.537500
739.511084,1481.559107
739.823561,1439.429464
740.135972,1446.451071
740.448317,1310.700000
740.760596,1399.640357
741.072808,1341.126964
741.384955,1350.489107
741.697035,1369.213393
742.009049,1432.407857
742.320997,1453.472679
742.632878,1383.256607
742.944694,1460.494286
743.256443,1413.683571
743.568126,1441.770000
743.879742,1423.045714
744.191292,1401.980893
744.502776,1348.148571
744.814194,1406.661964
745.125545,1497.942857
745.436830,1439.429464
745.748048,1444.110536
746.059200,1446.451071
746.370286,1467.515893
746.681305,1490.921250
746.992257,1533.050893
747.303143,1430.067321
747.613963,1479.218571
747.924716,1479.218571
748.235402,1483.899643
748.546022,1554.115714
748.856575,1509.645536
749.167061,1586.883214
749.477481,1514.326607
749.787835,1530.710357
750.098121,1537.731964
750.408341,1523.688750
750.718494,1563.477857
751.028581,1420.705179
751.338600,1444.110536
751.648553,1462.834821
751.958439,1479.218571
752.268259,1479.218571
752.578011,1479.218571
752.887697,1383.256607
753.197315,1409.002500
753.506867,1504.964464
753.816352,1399.640357
754.125770,1404.321429
754.435121,1404.321429
754.744405,1345.808036
755.053622,1392.618750
755.362772,1371.553929
755.671855,1432.407857
755.980871,1324.743214
756.289820,1434.748393
756.598702,1397.299821
756.907517,1387.937679
757.216264,1411.343036
757.524945,1444.110536
757.833558,1350.489107
758.142104,1458.153750
758.450583,1451.132143
758.758995,1413.683571
759.067340,1481.559107
759.375617,1376.235000
759.683827,1500.283393
759.991969,1430.067321
760.300045,1446.451071
760.608053,1465.175357
760.915994,1401.980893
761.223867,1469.856429
761.531673,1455.813214
761.839411,1406.661964
762.147082,1437.088929
762.454686,1453.472679
762.762222,1465.175357
763.069691,1437.088929
763.377092,1446.451071
763.684426,1430.067321
763.991692,1439.429464
764.298890,1430.067321
764.606021,1350.489107
764.913085,1364.532321
765.220080,1418.364643
765.527009,1413.683571
765.833869,1343.467500
766.140662,1317.721607
766.447387,1430.067321
766.754044,1331.764821
767.060634,1432.407857
767.367156,1444.110536
767.673610,1376.235000
767.979996,1394.959286
768.286315,1390.278214
768.592565,1446.451071
768.898748,1383.256607
769.204863,1430.067321
769.510910,1455.813214
769.816889,1467.515893
770.122801,1411.343036
770.428644,1404.321429
770.734419,1509.645536
771.040127,1521.348214
771.345766,1537.731964
771.651337,1563.477857
771.956841,1509.645536
772.262276,1533.050893
772.567643,1521.348214
772.872942,1453.472679
773.178173,1467.515893
773.483336,1502.623929
773.788430,1551.775179
774.093457,1500.283393
774.398415,1703.910000
774.703305,1760.082857
775.008127,1879.450179
775.312881,1996.476964
775.617566,2099.460536
775.922183,2228.190000
776.226732,2413.092321
776.531212,2394.368036
776.835624,2504.373214
777.139968,2607.356786
777.444243,2445.859821
777.748450,2483.308393
778.052588,2581.610893
778.356658,2450.540893
778.660660,2275.000714
778.964593,2181.379286
779.268457,2085.417321
779.572253,2101.801071
779.875981,2001.158036
780.179640,1860.725893
780.483230,1853.704286
780.786752,1792.850357
781.090205,1748.380179
781.393590,1619.650714
781.696906,1629.012857
782.000153,1483.899643
782.303331,1416.024107
782.606441,1451.132143
782.909482,1341.126964
783.212454,1348.148571
783.515358,1385.597143
783.818193,1322.402679
784.120959,1317.721607
784.423656,1301.337857
784.726284,1376.235000
785.028843,1439.429464
785.331334,1317.721607
785.633756,1355.170179
785.936108,1404.321429
786.238392,1324.743214
786.540607,1343.467500
786.842753,1401.980893
787.144830,1277.932500
787.446837,1411.343036
787.748776,1294.316250
788.050646,1411.343036
788.352447,1331.764821
788.654178,1369.213393
788.955841,1481.559107
789.257434,1298.997321
789.558958,1322.402679
789.860413,1320.062143
790.161799,1329.424286
790.463115,1275.591964
790.764363,1306.018929
791.065541,1334.105357
791.366650,1324.743214
791.667689,1345.808036
791.968659,1329.424286
792.269560,1497.942857
792.570392,1322.402679
792.871154,1345.808036
793.171847,1298.997321
793.472470,1345.808036
793.773025,1334.105357
794.073509,1317.721607
794.373924,1284.954107
794.674270,1345.808036
794.974546,1394.959286
795.274753,1355.170179
795.574890,1345.808036
795.874957,1380.916071
796.174955,1313.040536
796.474884,1425.386250
796.774742,1324.743214
797.074532,1296.656786
797.374251,1334.105357
797.673901,1373.894464
797.973481,1406.661964
798.272991,1322.402679
798.572432,1359.851250
798.871803,1357.510714
799.171104,1287.294643
799.470336,1334.105357
799.769497,1320.062143
800.068589,1331.764821
800.367611,1404.321429
800.666563,1303.678393
800.965445,1324.743214
801.264258,1338.786429
801.563000,1282.613571
801.861673,1308.359464
802.160275,1366.872857
802.458808,1242.824464
802.757270,1423.045714
803.055663,1392.618750
803.353985,1280.273036
803.652237,1399.640357
803.950420,1359.851250
804.248532,1310.700000
804.546574,1320.062143
804.844546,1355.170179
805.142448,1308.359464
805.440280,1327.083750
805.738041,1334.105357
806.035733,1355.170179
806.333354,1348.148571
806.630905,1317.721607
806.928385,1334.105357
807.225796,1289.635179
807.523136,1301.337857
807.820405,1341.126964
808.117605,1298.997321
808.414734,1320.062143
808.711792,1378.575536
809.008781,1348.148571
809.305698,1364.532321
809.602546,1334.105357
809.899323,1338.786429
810.196029,1378.575536
810.492665,1320.062143
810.789231,1350.489107
811.085725,1324.743214
811.382150,1303.678393
811.678504,1320.062143
811.974787,1380.916071
812.270999,1352.829643
812.567141,1268.570357
812.863213,1298.997321
813.159213,1324.743214
813.455143,1329.424286
813.751003,1303.678393
814.046791,1331.764821
814.342509,1282.613571
814.638156,1355.170179
814.933732,1329.424286
815.229238,1336.445893
815.524672,1320.062143
815.820036,1371.553929
816.115329,1289.635179
816.410551,1397.299821
816.705703,1317.721607
817.000783,1313.040536
817.295792,1275.591964
817.590731,1327.083750
817.885598,1336.445893
818.180394,1350.489107
818.475120,1343.467500
818.769774,1282.613571
819.064358,1320.062143
819.358870,1359.851250
819.653311,1329.424286
819.947681,1261.548750
820.241980,1362.191786
820.536208,1343.467500
820.830365,1362.191786
821.124450,1289.635179
821.418464,1242.824464
821.712407,1390.278214
822.006279,1317.721607
822.300080,1306.018929
822.593809,1350.489107
822.887467,1263.889286
823.181054,1275.591964
823.474569,1362.191786
823.768013,1359.851250
824.061386,1301.337857
824.354687,1275.591964
824.647917,1284.954107
824.941075,1338.786429
825.234162,1352.829643
825.527178,1331.764821
825.820122,1287.294643
826.112994,1324.743214
826.405795,1322.402679
826.698524,1341.126964
826.991182,1376.235000
827.283768,1413.683571
827.576283,1348.148571
827.868726,1242.824464
828.161097,1296.656786
828.453397,1320.062143
828.745625,1287.294643
829.037781,1324.743214
829.329866,1291.975714
829.621879,1315.381071
829.913820,1334.105357
830.205689,1317.721607
830.497487,1324.743214
830.789213,1291.975714
831.080867,1322.402679
831.372449,1334.105357
831.663959,1294.316250
831.955397,1338.786429
832.246764,1331.764821
832.538058,1357.510714
832.829281,1317.721607
833.120431,1364.532321
833.411510,1331.764821
833.702516,1350.489107
833.993451,1338.786429
834.284313,1273.251429
834.575104,1341.126964
834.865822,1263.889286
835.156468,1327.083750
835.447042,1357.510714
835.737544,1348.148571
836.027974,1301.337857
836.318332,1284.954107
836.608617,1324.743214
836.898830,1289.635179
837.188971,1362.191786
837.479040,1331.764821
837.769037,1291.975714
838.058961,1369.213393
838.348813,1266.229821
838.638592,1338.786429
838.928299,1329.424286
839.217934,1317.721607
839.507497,1341.126964
839.796987,1317.721607
840.086404,1273.251429
840.375749,1357.510714
840.665022,1315.381071
840.954222,1303.678393
841.243350,1313.040536
841.532405,1348.148571
841.821388,1343.467500
842.110298,1359.851250
842.399135,1317.721607
842.687900,1303.678393
842.976593,1270.910893
843.265212,1324.743214
843.553759,1397.299821
843.842233,1345.808036
844.130635,1401.980893
844.418964,1289.635179
844.707220,1401.980893
844.995404,1376.235000
845.283514,1348.148571
845.571552,1401.980893
845.859517,1399.640357
846.147409,1364.532321
846.435229,1427.726786
846.722975,1416.024107
847.010649,1373.894464
847.298249,1369.213393
847.585777,1399.640357
847.873232,1404.321429
848.160614,1453.472679
848.447923,1329.424286
848.735159,1320.062143
849.022322,1336.445893
849.309411,1336.445893
849.596428,1409.002500
849.883372,1448.791607
850.170242,1352.829643
850.457040,1355.170179
850.743764,1327.083750
851.030415,1355.170179
851.316993,1282.613571
851.603498,1298.997321
851.889930,1247.505536
852.176288,1409.002500
852.462573,1320.062143
852.748785,1338.786429
853.034924,1334.105357
853.320989,1294.316250
853.606981,1409.002500
853.892900,1320.062143
854.178745,1322.402679
854.464517,1310.700000
854.750215,1280.273036
855.035840,1376.235000
855.321392,1327.083750
855.606870,1430.067321
855.892275,1298.997321
856.177606,1317.721607
856.462863,1301.337857
856.748047,1275.591964
857.033158,1308.359464
857.318195,1343.467500
857.603158,1308.359464
857.888048,1310.700000
858.172864,1345.808036
858.457606,1320.062143
858.742275,1416.024107
859.026870,1289.635179
859.311392,1320.062143
859.595839,1317.721607
859.880213,1479.218571
860.164513,1233.462321
860.448740,1355.170179
860.732892,1256.867679
861.016971,1301.337857
861.300976,1273.251429
861.584907,1373.894464
861.868764,1380.916071
862.152547,1313.040536
862.436257,1329.424286
862.719892,1294.316250
863.003453,1291.975714
863.286941,1373.894464
863.570354,1394.959286
863.853694,1362.191786
864.136959,1341.126964
864.420150,1366.872857
864.703268,1315.381071
864.986311,1291.975714
865.269280,1303.678393
865.552175,1296.656786
865.834996,1362.191786
866.117742,1247.505536
866.400415,1320.062143
866.683013,1306.018929
866.965537,1350.489107
867.247986,1406.661964
867.530362,1362.191786
867.812663,1327.083750
868.094890,1362.191786
868.377043,1270.910893
868.659121,1331.764821
868.941125,1324.743214
869.223054,1301.337857
869.504909,1416.024107
869.786690,1373.894464
870.068396,1404.321429
870.350028,1252.186607
870.631585,1313.040536
870.913068,1291.975714
871.194476,1301.337857
871.475810,1373.894464
871.757069,1294.316250
872.038254,1336.445893
872.319364,1343.467500
872.600399,1327.083750
872.881360,1369.213393
873.162246,1303.678393
873.443058,1334.105357
873.723794,1320.062143
874.004456,1348.148571
874.285044,1327.083750
874.565556,1409.002500
874.845994,1376.235000
875.126357,1341.126964
875.406646,1336.445893
875.686859,1247.505536
