180.606810,1605.607500
180.999322,1748.380179
181.391798,1483.899643
181.784238,1476.878036
182.176642,1397.299821
182.569009,1727.315357
182.961341,1872.428571
183.353636,1565.818393
183.745896,1919.239286
184.138119,1629.012857
184.530306,2155.633393
184.922457,1851.363750
185.314571,1863.066429
185.706649,1921.579821
186.098692,1961.368929
186.490697,1582.202143
186.882667,1743.699107
187.274600,1685.185714
187.666497,1568.158929
188.058357,1919.239286
188.450181,1650.077679
188.841969,1767.104464
189.233720,1619.650714
189.625435,1582.202143
190.017113,1736.677500
190.408755,1591.564286
190.800360,1902.855536
191.191929,1792.850357
191.583461,1989.455357
191.974957,1724.974821
192.366416,1696.888393
192.757838,1832.639464
193.149224,1694.547857
193.540574,1760.082857
193.931886,1895.833929
194.323162,1767.104464
194.714402,2120.525357
195.105604,1706.250536
195.496770,1996.476964
195.887899,10689.226607
196.278992,1987.114821
196.670047,1713.272143
197.061066,1792.850357
197.452048,1486.240179
197.842993,1736.677500
198.233901,1516.667143
198.624773,1727.315357
199.015607,2101.801071
199.406405,1708.591071
199.797165,2331.173571
200.187889,1558.796786
200.578576,1614.969643
200.969225,1582.202143
201.359838,1710.931607
201.750414,1596.245357
202.140952,1582.202143
202.531454,1561.137321
202.921918,1776.466607
203.312346,1645.396607
203.702736,1729.655893
204.093089,1731.996429
204.483405,1533.050893
204.873683,1743.699107
205.263925,1722.634286
205.654129,1893.493393
206.044296,1893.493393
206.434426,1923.920357
206.824518,1720.293750
207.214574,1586.883214
207.604591,2115.844286
207.994572,1692.207321
208.384515,1788.169286
208.774421,2054.990357
209.164289,1638.375000
209.554120,1710.931607
209.943914,1596.245357
210.333670,1839.661071
210.723389,1813.915179
211.113070,1708.591071
211.502713,1806.893571
211.892319,1942.644643
212.281888,1584.542679
212.671419,1877.109643
213.060912,1647.737143
213.450368,1664.120893
213.839786,1614.969643
214.229167,1631.353393
214.618509,1839.661071
215.007815,1598.585893
215.397082,1675.823571
215.786312,1921.579821
216.175504,1675.823571
216.564658,1769.445000
216.953774,1937.963571
217.342853,1961.368929
217.731894,1907.536607
218.120897,1603.266964
218.509862,1554.115714
218.898789,1774.126071
219.287678,1844.342143
219.676530,1746.039643
220.065343,1668.801964
220.454119,1612.629107
220.842857,1643.056071
221.231556,1778.807143
221.620218,2155.633393
222.008841,1795.190893
222.397427,1806.893571
222.785974,2155.633393
223.174484,2057.330893
223.562955,1739.018036
223.951388,1802.212500
224.339783,1851.363750
224.728140,1898.174464
225.116458,2099.460536
225.504739,2239.892679
225.892981,2087.757857
226.281185,2277.341250
226.669351,2310.108750
227.057478,2289.043929
227.445567,1902.855536
227.833618,1956.687857
228.221631,2094.779464
228.609605,1994.136429
228.997541,1856.044821
229.385438,1851.363750
229.773297,1811.574643
230.161117,2289.043929
230.548900,1980.093214
230.936643,1633.693929
231.324348,1825.617857
231.712015,1996.476964
232.099643,2216.487321
232.487233,1736.677500
232.874783,2015.201250
233.262296,1809.234107
233.649770,1996.476964
234.037205,2275.000714
234.424601,2363.941071
234.811959,2703.318750
235.199278,2370.962679
235.586559,2647.145893
235.973801,2925.669643
236.361004,3119.934107
236.748168,2785.237500
237.135293,2803.961786
237.522380,2684.594464
237.909428,2532.459643
238.296437,2707.999821
238.683407,2530.119107
239.070339,2457.562500
239.457231,2363.941071
239.844085,2282.022321
240.230899,2239.892679
240.617675,2193.081964
241.004412,1778.807143
241.391109,1996.476964
241.777768,2010.520179
242.164388,1678.164107
242.550968,2057.330893
242.937510,2345.216786
243.324012,1980.093214
243.710476,1994.136429
244.096900,2335.854643
244.483285,2581.610893
244.869631,2675.232321
245.255938,3005.247857
245.642206,2958.437143
246.028434,3382.074107
246.414623,3379.733571
246.800773,3641.873571
247.186884,3517.825179
247.572955,3389.095714
247.958987,3316.539107
248.344980,3379.733571
248.730933,2942.053393
249.116847,3328.241786
249.502721,2977.161429
249.888557,2593.313571
250.274352,2703.318750
250.660109,2377.984286
251.045825,2150.952321
251.431503,2282.022321
251.817141,2090.098393
252.202739,2186.060357
252.588298,2057.330893
252.973817,2076.055179
253.359297,2270.319643
253.744737,2237.552143
254.130137,2452.881429
254.515498,2385.005893
254.900819,2286.703393
255.286100,2476.286786
255.671342,2385.005893
256.056544,2597.994643
256.441706,2696.297143
256.826829,2995.885714
257.211912,3440.587500
257.596955,3496.760357
257.981958,3398.457857
258.366921,3475.695536
258.751845,4018.699821
259.136728,3726.132857
259.521572,3644.214107
259.906376,3698.046429
260.291140,3456.971250
260.675864,3229.939286
261.060548,2925.669643
261.445192,2689.275536
261.829796,2562.886607
262.214360,2410.751786
262.598884,2815.664464
262.983368,2216.487321
263.367812,2181.379286
263.752215,2118.184821
264.136579,2026.903929
264.520903,2614.378393
264.905186,2363.941071
265.289429,2485.648929
265.673632,2574.589286
266.057795,2621.400000
266.441917,2504.373214
266.825999,2373.303214
267.210041,2682.253929
267.594043,2965.458750
267.978005,2600.335179
268.361926,2855.453571
268.745806,2810.983393
269.129647,3314.198571
269.513447,3119.934107
269.897206,3412.501071
270.280925,3382.074107
270.664604,3393.776786
271.048242,3815.073214
271.431840,3414.841607
271.815397,3431.225357
272.198914,3377.393036
272.582390,3096.528750
272.965826,3094.188214
273.349221,2832.048214
273.732576,2920.988571
274.115890,2759.491607
274.499163,2630.762143
274.882395,2478.627321
275.265587,2583.951429
275.648739,2909.285893
276.031849,2509.054286
276.414919,2305.427679
276.797948,2279.681786
277.180936,2450.540893
277.563884,2373.303214
277.946790,2677.572857
278.329656,2387.346429
278.712481,2605.016250
279.095265,2658.848571
279.478009,2890.561607
279.860711,3030.993750
280.243372,3246.323036
280.625993,3990.613393
281.008572,3220.577143
281.391111,3714.430179
281.773609,3859.543393
282.156065,4182.537321
282.538481,3939.121607
282.920855,3772.943571
283.303188,3887.629821
283.685481,3939.121607
284.067732,3644.214107
284.449942,3751.878750
284.832111,3489.738750
285.214239,3473.355000
285.596325,3499.100893
285.978370,3421.863214
286.360375,3180.788036
286.742337,3253.344643
287.124259,3045.036964
287.506139,2949.075000
287.887978,2759.491607
288.269776,2909.285893
288.651532,2754.810536
289.033247,2754.810536
289.414921,2995.885714
289.796553,2658.848571
290.178144,2932.691250
290.559693,3045.036964
290.941201,2764.172679
291.322668,2736.086250
291.704092,2766.513214
292.085476,2867.156250
292.466818,3309.517500
292.848118,3962.526964
293.229377,4208.283214
293.610594,5420.680714
293.991769,6111.138750
294.372903,7049.693571
294.753996,8341.669286
295.135046,9439.380536
295.516055,11344.576607
295.897022,11597.354464
296.277948,12332.282679
296.658832,12533.568750
297.039674,12287.812500
297.420474,11695.656964
297.801232,11197.122857
298.181949,10689.226607
298.562623,9568.110000
298.943256,8540.614821
299.323847,7531.843929
299.704396,6349.873393
300.084904,5832.615000
300.465369,4849.590000
300.845792,4259.775000
301.226173,4039.764643
301.606513,3456.971250
301.986810,3265.047321
302.367065,3061.420714
302.747278,3040.355893
303.127450,3639.533036
303.507579,3049.718036
303.887666,3461.652321
304.267710,4180.196786
304.647713,4491.488036
305.027674,6408.386786
305.407592,9022.765179
305.787468,11882.899821
306.167302,15337.530536
306.547094,18801.523393
306.926843,22778.093571
307.306550,27646.407857
307.686215,29099.880536
308.065838,32470.251964
308.445418,33652.222500
308.824956,35880.412500
309.204451,36577.892143
309.583904,34796.744464
309.963315,35356.132500
310.342683,35302.300179
310.722009,36762.794464
311.101292,38096.899821
311.480533,38539.261071
311.859731,41043.634286
312.238887,45359.582143
312.618000,54323.833929
312.997070,63002.540357
313.376098,65535.000000
313.755084,65535.000000
314.134027,65535.000000
314.512927,65535.000000
314.891784,65535.000000
315.270599,65535.000000
315.649371,65535.000000
316.028101,65535.000000
316.406787,65535.000000
316.785431,65535.000000
317.164032,65176.898036
317.542590,54438.520179
317.921106,43419.278036
318.299579,33963.513750
318.678008,25781.000893
319.056395,20121.585536
319.434739,14221.095000
319.813040,11274.360536
320.191299,8961.911250
320.569514,6509.029821
320.947686,4943.211429
321.325815,4432.974643
321.703902,4002.316071
322.081945,3531.868393
322.459945,3473.355000
322.837902,3716.770714
323.215816,3627.830357
323.593687,3618.468214
323.971515,3389.095714
324.349300,3609.106071
324.727041,4184.877857
325.104740,4074.872679
325.482395,4266.796607
325.860007,4725.541607
326.237575,5142.156964
326.615101,5259.183750
326.992583,5366.848393
327.370022,5930.917500
327.747417,6204.760179
328.124769,6665.845714
328.502078,6602.651250
328.879344,7309.493036
329.256566,7293.109286
329.633745,7267.363393
330.010880,7440.563036
330.387972,8624.874107
330.765020,8208.258750
331.142025,9224.051250
331.518986,9802.163571
331.895904,11052.009643
332.272778,12395.477143
332.649609,15908.621250
333.026396,23140.876607
333.403140,38052.429643
333.779839,61733.970000
334.156496,65535.000000
334.533108,65535.000000
334.909677,65535.000000
335.286202,65535.000000
335.662684,65535.000000
336.039122,65535.000000
336.415516,65535.000000
336.791866,65535.000000
337.168172,65535.000000
337.544435,65535.000000
337.920654,65535.000000
338.296829,65535.000000
338.672960,65535.000000
339.049047,65535.000000
339.425090,65535.000000
339.801090,65535.000000
340.177045,65240.092500
340.552956,46487.720357
340.928824,31861.712679
341.304647,20603.735893
341.680427,11899.283571
342.056162,7571.633036
342.431853,5053.216607
342.807501,4217.645357
343.183104,3995.294464
343.558663,4006.997143
343.934178,3733.154464
344.309648,3407.820000
344.685075,3948.483750
345.060457,3496.760357
345.435795,3414.841607
345.811089,3578.679107
346.186339,4294.883036
346.561544,4131.045536
346.936705,4542.979821
347.311822,5650.053214
347.686895,6710.315893
348.061923,7625.465357
348.436907,8042.080714
348.811846,9259.159286
349.186741,9858.336429
349.561591,12470.374286
349.936397,14590.899643
350.311159,20877.578571
350.685876,28673.903036
351.060549,41184.066429
351.435177,52837.593750
351.809760,59049.375536
352.184299,62724.016607
352.558794,65443.719107
352.933244,65535.000000
353.307649,65535.000000
353.682009,65535.000000
354.056325,65535.000000
354.430597,65535.000000
354.804823,65535.000000
355.179005,65535.000000
355.553142,65535.000000
355.927234,65535.000000
356.301282,65535.000000
356.675285,65535.000000
357.049243,65535.000000
357.423156,65535.000000
357.797024,65535.000000
358.170848,65535.000000
358.544626,65535.000000
358.918360,65535.000000
359.292048,65535.000000
359.665692,65535.000000
360.039291,65535.000000
360.412845,65535.000000
360.786354,48554.413393
361.159818,34012.665000
361.533236,23190.027857
361.906610,14546.429464
362.279939,9198.305357
362.653222,6422.430000
363.026461,4805.119821
363.399654,4311.266786
363.772802,4472.763750
364.145905,4397.866607
364.518963,4718.520000
364.891975,5123.432679
365.264943,5502.599464
365.637865,5617.285714
366.010742,5504.940000
366.383573,5554.091250
366.756359,6225.825000
367.129100,6361.576071
367.501796,7089.482679
367.874446,8299.539643
368.247051,10363.892143
368.619610,12781.665536
368.992124,15227.525357
369.364593,17357.412857
369.737016,18862.377321
370.109394,19985.834464
370.481726,20908.005536
370.854012,21179.507679
371.226253,21970.608750
371.598449,22377.861964
371.970599,24357.955179
372.342703,28411.763036
372.714762,35604.229286
373.086775,46557.936429
373.458742,55339.626429
373.830664,60591.788571
374.202540,63854.495357
374.574371,64788.369107
374.946155,65488.189286
375.317894,65284.562679
375.689587,64690.066607
376.061235,62745.081429
376.432836,60245.389286
376.804392,58253.593393
377.175902,56292.224464
377.547366,59873.244107
377.918784,65535.000000
378.290156,65535.000000
378.661482,65535.000000
379.032763,65535.000000
379.403997,65535.000000
379.775186,65535.000000
380.146328,65535.000000
380.517424,65535.000000
380.888475,65535.000000
381.259479,65535.000000
381.630437,65535.000000
382.001350,65535.000000
382.372216,52051.173750
382.743036,39489.518571
383.113809,30274.829464
383.484537,22768.731429
383.855218,16613.122500
384.225854,12166.104643
384.596443,9767.055536
384.966985,7456.946786
385.337482,6581.586429
385.707932,6822.661607
386.078336,7683.978750
386.448693,9837.271607
386.819005,13441.696607
387.189270,19674.543214
387.559488,31519.994464
387.929660,48807.191250
388.299786,64397.499643
388.669865,65535.000000
389.039898,65535.000000
389.409884,65535.000000
389.779824,65535.000000
390.149717,65535.000000
390.519564,65535.000000
390.889364,65535.000000
391.259118,65535.000000
391.628825,65535.000000
391.998485,65535.000000
392.368099,65535.000000
392.737666,65535.000000
393.107187,65535.000000
393.476661,65535.000000
393.846088,65535.000000
394.215468,65535.000000
394.584802,53521.030179
394.954089,39966.987857
395.323329,29518.836429
395.692522,20840.130000
396.061669,16547.587500
396.430768,15300.081964
396.799821,16250.339464
397.168827,20191.801607
397.537786,26118.038036
397.906698,32507.700536
398.275563,35501.245714
398.644382,38873.957679
399.013153,40229.127857
399.381877,40430.413929
399.750554,40598.932500
400.119184,38450.320714
400.487768,35124.419464
400.856304,31257.854464
401.224793,25046.072679
401.593235,20322.871607
401.961629,17088.251250
402.329977,16135.653214
402.698277,16100.545179
403.066531,19538.792143
403.434737,25977.605893
403.802896,32617.705714
404.171007,37635.814286
404.539072,41654.514107
404.907089,46185.791250
405.275058,45979.824107
405.642981,46878.589821
406.010856,45371.284821
406.378684,43950.579643
406.746464,38347.337143
407.114197,33385.401429
407.481883,25926.114107
407.849521,20297.125714
408.217112,15021.558214
408.584655,12339.304286
408.952151,9650.028750
409.319599,7407.795536
409.686999,6092.414464
410.054353,5174.924464
410.421658,4320.628929
410.788916,4365.099107
411.156127,3985.932321
411.523289,4229.348036
411.890404,4468.082679
412.257472,5151.519107
412.624492,5270.886429
412.991464,5455.788750
413.358388,5284.929643
413.725265,5729.631429
414.092094,5022.789643
414.458875,4812.141429
414.825608,5118.751607
415.192294,4711.498393
415.558931,4678.730893
415.925521,4198.921071
416.292063,4372.120714
416.658557,4711.498393
417.025003,5132.794821
417.391401,6296.041071
417.757751,8121.658929
418.124054,8634.236250
418.490308,10083.027857
418.856514,10501.983750
419.222672,11241.593036
419.588783,11721.402857
419.954845,10768.804821
420.320859,11262.657857
420.686825,10740.718393
421.052743,9984.725357
421.418612,8987.657143
421.784434,8744.241429
422.150207,7854.837857
422.515932,7566.951964
422.881609,8166.129107
423.247238,10326.443571
423.612818,12252.704464
423.978350,17916.800893
424.343834,24760.527321
424.709270,35426.348571
425.074657,46579.001250
425.439996,57984.431786
425.805286,65441.378571
426.170529,65535.000000
426.535722,65535.000000
426.900867,65535.000000
427.265964,65535.000000
427.631013,65535.000000
427.996012,65535.000000
428.360964,65535.000000
428.725867,65535.000000
429.090721,61319.695179
429.455527,52051.173750
429.820284,36898.545536
430.184992,25783.341429
430.549652,18192.984107
430.914264,14618.986071
431.278826,11227.549821
431.643340,9928.552500
432.007805,9411.294107
432.372222,10721.994107
432.736590,12035.034643
433.100909,13310.626607
433.465179,13769.371607
433.829401,13994.063036
434.193573,14427.062143
434.557697,13107.000000
434.921772,12697.406250
435.285798,12313.558393
435.649775,10731.356250
436.013704,9287.245714
436.377583,7178.423036
436.741414,5841.977143
437.105195,5149.178571
437.468928,3988.272857
437.832611,3662.938393
438.196246,3618.468214
438.559831,3358.668750
438.923367,3068.442321
439.286855,3506.122500
439.650293,3606.765536
440.013682,3351.647143
440.377022,3410.160536
440.740313,4180.196786
441.103554,3691.024821
441.466747,3662.938393
441.829890,3609.106071
442.192984,3428.884821
442.556029,3192.490714
442.919024,3110.571964
443.281970,2923.329107
443.644867,3529.527857
444.007715,2696.297143
444.370513,3208.874464
444.733262,2715.021429
445.095961,3016.950536
445.458611,2871.837321
445.821212,3075.463929
446.183763,3239.301429
446.546265,3639.533036
446.908717,3925.078393
447.271119,4566.385179
447.633473,4578.087857
447.995776,4777.033393
448.358030,5085.984107
448.720235,5022.789643
449.082390,4973.638393
449.444495,4645.963393
449.806551,4318.288393
450.168557,3957.845893
450.530513,3620.808750
450.892420,3475.695536
451.254277,3115.253036
451.616084,2801.621250
451.977841,2605.016250
452.339549,2691.616071
452.701207,2736.086250
453.062815,2597.994643
453.424373,2752.470000
453.785882,2981.842500
454.147340,3267.387857
454.508749,3400.798393
454.870108,3716.770714
455.231416,5036.832857
455.592675,5659.415357
455.953884,5589.199286
456.315043,5944.960714
456.676152,6516.051429
457.037211,6609.672857
457.398220,6221.143929
457.759179,6204.760179
458.120088,5706.226071
458.480946,5544.729107
458.841755,4898.741250
459.202513,4306.585714
459.563222,4152.110357
459.923880,3555.273750
460.284488,3007.588393
460.645045,3269.728393
461.005553,2775.875357
461.366010,2705.659286
461.726417,2874.177857
462.086774,2750.129464
462.447080,2623.740536
462.807336,2839.069821
463.167542,3110.571964
463.527697,3599.743929
463.887802,3620.808750
464.247857,4189.558929
464.607861,4594.471607
464.967814,4894.060179
465.327718,5397.275357
465.687570,5518.983214
466.047373,6031.560536
466.407124,6164.971071
466.766826,6579.245893
467.126476,6993.520714
467.486076,7487.373750
467.845626,8685.728036
468.205125,9097.662321
468.564573,11365.641429
468.923971,13303.605000
469.283317,15124.541786
469.642614,17415.926250
470.001859,18710.242500
470.361054,19826.678036
470.720198,19112.814643
471.079291,18867.058393
471.438334,17907.438750
471.797326,16046.712857
472.156266,14225.776071
472.515156,12119.293929
472.873996,9514.277679
473.232784,7426.519821
473.591521,5893.468929
473.950208,4416.590893
474.308843,3728.473393
474.667428,3063.761250
475.025962,2850.772500
475.384444,2621.400000
475.742876,2806.302321
476.101256,2572.248750
476.459586,3023.972143
476.817864,2495.011071
477.176092,2335.854643
477.534268,2523.097500
477.892393,2455.221964
478.250467,2457.562500
478.608490,2471.605714
478.966461,2583.951429
479.324382,2780.556429
479.682251,2918.648036
480.040069,3452.290179
480.397836,3475.695536
480.755551,3375.052500
481.113215,3384.414643
481.470828,3665.278929
481.828389,3449.949643
482.185899,3433.565893
482.543358,3190.150179
482.900765,2888.221071
483.258121,2876.518393
483.615426,2670.551250
483.972679,2520.756964
484.329880,2375.643750
484.687030,2750.129464
485.044129,2499.692143
485.401176,2546.502857
485.758171,2633.102679
486.115115,2471.605714
486.472007,2539.481250
486.828848,2492.670536
487.185637,2626.081071
487.542374,2572.248750
487.899060,2827.367143
488.255694,2867.156250
488.612277,2679.913393
488.968807,2986.523571
489.325286,3344.625536
489.681713,3386.755179
490.038089,3775.284107
490.394412,3805.711071
490.750684,3794.008393
491.106904,4170.834643
491.463072,4376.801786
491.819188,4329.991071
492.175252,3971.889107
492.531264,4697.455179
492.887225,3791.667857
493.243133,3452.290179
493.598990,3047.377500
493.954794,3061.420714
494.310547,2916.307500
494.666247,2534.800179
495.021896,2328.833036
495.377492,2363.941071
495.733036,2675.232321
496.088528,2443.519286
496.443968,2303.087143
496.799356,2810.983393
497.154692,2499.692143
497.509975,2289.043929
497.865207,2331.173571
498.220386,2710.340357
498.575513,2466.924643
498.930587,2305.427679
499.285610,2408.411250
499.640580,2682.253929
499.995497,2569.908214
500.350363,2825.026607
500.705176,3384.414643
501.059937,3302.495893
501.414645,3702.727500
501.769301,3534.208929
502.123904,3613.787143
502.478455,3929.759464
502.832954,3595.062857
503.187400,3868.905536
503.541793,4112.321250
503.896134,3583.360179
504.250422,3482.717143
504.604658,3309.517500
504.958842,3105.890893
505.312972,3698.046429
505.667050,3515.484643
506.021076,3199.512321
506.375048,3164.404286
506.728969,3082.485536
507.082836,3243.982500
507.436651,3405.479464
507.790412,3026.312679
508.144122,3251.004107
508.497778,3080.145000
508.851382,3136.317857
509.204932,3190.150179
509.558430,2939.712857
509.911875,2920.988571
510.265268,2888.221071
510.618607,3047.377500
510.971893,2754.810536
511.325127,2822.686071
511.678307,2988.864107
512.031435,5685.161250
512.384509,3045.036964
512.737531,2754.810536
513.090500,2953.756071
513.443415,3274.409464
513.796277,2829.707679
514.149087,3105.890893
514.501843,2885.880536
514.854546,3023.972143
515.207196,3485.057679
515.559793,2916.307500
515.912337,3126.955714
516.264827,3208.874464
516.617264,3108.231429
516.969648,3084.826071
517.321979,3412.501071
517.674257,2979.501964
518.026481,3115.253036
518.378652,3435.906429
518.730769,3410.160536
519.082833,3412.501071
519.434844,3686.343750
519.786802,4095.937500
520.138706,4100.618571
520.490556,4571.066250
520.842353,4634.260714
521.194097,5238.118929
521.545787,5680.480179
521.897424,6392.003036
522.249007,6101.776607
522.600537,6195.398036
522.952013,6537.116250
523.303435,5944.960714
523.654804,5809.209643
524.006120,5589.199286
524.357381,5284.929643
524.708589,4606.174286
525.059743,4535.958214
525.410844,3904.013571
525.761891,3595.062857
526.112884,3452.290179
526.463823,3265.047321
526.814709,3255.685179
527.165541,3248.663571
527.516319,3005.247857
527.867043,2963.118214
528.217713,3304.836429
528.568330,3129.296250
528.918893,3169.085357
529.269401,3662.938393
529.619856,3260.366250
529.970257,3342.285000
530.320604,3412.501071
530.670897,3108.231429
531.021135,3637.192500
531.371320,3300.155357
531.721451,3482.717143
532.071528,3651.235714
532.421551,3449.949643
532.771519,3325.901250
533.121434,3187.809643
533.471294,3180.788036
533.821100,3180.788036
534.170852,2794.599643
534.520550,2860.134643
534.870193,2649.486429
535.219783,2574.589286
535.569318,2342.876250
535.918799,2377.984286
536.268225,2237.552143
536.617597,2345.216786
536.966915,2352.238393
537.316179,2560.546071
537.665388,2413.092321
538.014543,2480.967857
538.363643,2410.751786
538.712689,2179.038750
539.061681,2424.795000
539.410618,2497.351607
539.759501,2200.103571
540.108329,2244.573750
540.457102,2204.784643
540.805821,2300.746607
541.154486,2441.178750
541.503096,2420.113929
541.851651,2345.216786
542.200152,2717.361964
542.548598,2747.788929
542.896989,2719.702500
543.245326,2745.448393
543.593608,3098.869286
543.941835,3133.977321
544.290008,2810.983393
544.638126,2890.561607
544.986189,2829.707679
545.334197,2656.508036
545.682151,3218.236607
546.030049,2963.118214
546.377893,2642.464821
546.725682,2729.064643
547.073416,2686.935000
547.421095,2487.989464
547.768720,3442.928036
548.116289,2693.956607
548.463803,2623.740536
548.811263,2644.805357
549.158667,2445.859821
549.506017,2544.162321
549.853311,2523.097500
550.200550,2630.762143
550.547734,2670.551250
550.894863,2691.616071
551.241937,2740.767321
551.588956,2644.805357
551.935920,2635.443214
552.282829,2576.929821
552.629682,2553.524464
552.976480,2761.832143
553.323223,2810.983393
553.669911,2743.107857
554.016543,2820.345536
554.363120,2789.918571
554.709642,2850.772500
555.056108,3173.766429
555.402520,3035.674821
555.748875,3019.291071
556.095176,3098.869286
556.441421,3676.981607
556.787610,3946.143214
557.133745,3946.143214
557.479823,4269.137143
557.825846,4018.699821
558.171814,4217.645357
558.517726,4395.526071
558.863583,4360.418036
559.209384,4365.099107
559.555130,4290.201964
559.900820,4318.288393
560.246454,4379.142321
560.592033,4126.364464
560.937556,4021.040357
561.283023,3852.521786
561.628435,3513.144107
561.973791,3695.705893
562.319091,3779.965179
562.664336,3433.565893
563.009524,3283.771607
563.354657,3279.090536
563.699735,3080.145000
564.044756,2883.540000
564.389721,2813.323929
564.734631,2597.994643
565.079485,2530.119107
565.424283,2609.697321
565.769025,2300.746607
566.113711,2352.238393
566.458341,2232.871071
566.802915,2773.534821
567.147433,2289.043929
567.491895,2291.384464
567.836301,2087.757857
568.180651,2471.605714
568.524945,2143.930714
568.869183,2267.979107
569.213365,2502.032679
569.557490,2214.146786
569.901560,2567.567679
570.245573,2293.725000
570.589530,2422.454464
570.933431,2188.400893
571.277276,2644.805357
571.621064,2345.216786
571.964797,2532.459643
572.308472,2450.540893
572.652092,2621.400000
572.995655,2464.584107
573.339162,2839.069821
573.682613,2663.529643
574.026007,2497.351607
574.369345,2640.124286
574.712626,2710.340357
575.055851,2520.756964
575.399020,2621.400000
575.742132,2719.702500
576.085187,2656.508036
576.428186,2846.091429
576.771129,2635.443214
577.114015,2656.508036
577.456844,2614.378393
577.799617,2925.669643
578.142333,2689.275536
578.484993,2958.437143
578.827596,2785.237500
579.170142,2658.848571
579.512632,2909.285893
579.855064,2883.540000
580.197441,2942.053393
580.539760,2986.523571
580.882023,3152.701607
581.224229,3211.215000
581.566378,3412.501071
581.908470,3400.798393
582.250505,3248.663571
582.592484,3471.014464
582.934406,3346.966071
583.276270,3353.987679
583.618078,3475.695536
583.959829,3571.657500
584.301523,3307.176964
584.643160,3328.241786
584.984740,3602.084464
585.326263,3442.928036
585.667729,3850.181250
586.009138,4444.677321
586.350490,5132.794821
586.691785,5397.275357
587.033023,5998.793036
587.374203,6427.111071
587.715327,6399.024643
588.056393,6200.079107
588.397402,6331.149107
588.738354,6579.245893
589.079249,6335.830179
589.420086,5806.869107
589.760866,5137.475893
590.101589,4425.953036
590.442255,4070.191607
590.782863,3592.722321
591.123414,3468.673929
591.463908,3372.711964
591.804344,3400.798393
592.144723,3155.042143
592.485044,3323.560714
592.825308,3421.863214
593.165515,3440.587500
593.505664,3550.592679
593.845755,3452.290179
594.185789,3733.154464
594.525766,3744.857143
594.865685,3833.797500
595.205546,3822.094821
595.545350,3990.613393
595.885097,4032.743036
596.224785,3927.418929
596.564416,3934.440536
596.903990,4304.245179
597.243505,4234.029107
597.582963,4358.077500
597.922363,4636.601250
598.261706,4657.666071
598.600991,4805.119821
598.940218,4538.298750
599.279387,4699.795714
599.618498,5029.811250
599.957552,5078.962500
600.296547,4540.639286
600.635485,5219.394643
600.974365,4779.373929
601.313187,4762.990179
601.651951,4325.310000
601.990657,4315.947857
602.329306,4402.547679
602.667896,4212.964286
603.006428,3754.219286
603.344902,3861.883929
603.683318,3503.781964
604.021676,3328.241786
604.359976,3297.814821
604.698218,3461.652321
605.036402,3667.619464
605.374528,4037.424107
605.712595,4622.558036
606.050604,3449.949643
606.388555,3751.878750
606.726448,3733.154464
607.064283,3155.042143
607.402059,3232.279821
607.739777,3239.301429
608.077437,2974.820893
608.415039,3155.042143
608.752582,3183.128571
609.090067,2935.031786
609.427493,2932.691250
609.764861,2654.167500
610.102171,2691.616071
610.439422,2413.092321
610.776615,2562.886607
611.113749,2513.735357
611.450825,2532.459643
611.787842,2640.124286
612.124801,2588.632500
612.461701,2303.087143
612.798543,2286.703393
613.135326,2420.113929
613.472051,2787.578036
613.808717,2759.491607
614.145324,2883.540000
614.481873,2888.221071
614.818363,3208.874464
615.154794,3103.550357
615.491166,3328.241786
615.827480,3433.565893
616.163735,3349.306607
616.499932,3618.468214
616.836069,3321.220179
617.172148,3267.387857
617.508168,3346.966071
617.844129,2792.259107
618.180031,2569.908214
618.515874,2443.519286
618.851658,2289.043929
619.187384,2207.125179
619.523050,2279.681786
619.858658,2703.318750
620.194206,2335.854643
620.529696,2195.422500
620.865127,2003.498571
621.200498,2143.930714
621.535810,2115.844286
621.871064,2005.839107
622.206258,2087.757857
622.541393,2537.140714
622.876469,2516.075893
623.211486,2108.822679
623.546444,2523.097500
623.881342,2237.552143
624.216182,2293.725000
624.550962,2169.676607
624.885682,2820.345536
625.220344,2455.221964
625.554946,2401.389643
625.889489,2174.357679
626.223973,2485.648929
626.558397,2214.146786
626.892762,2377.984286
627.227067,2476.286786
627.561313,2214.146786
627.895500,2183.719821
628.229627,2174.357679
628.563695,2890.561607
628.897703,2303.087143
629.231652,2431.816607
629.565542,2373.303214
629.899371,2513.735357
630.233142,2314.789821
630.566852,2640.124286
630.900503,2747.788929
631.234095,2672.891786
631.567626,2707.999821
631.901099,2527.778571
632.234511,2635.443214
632.567864,3117.593571
632.901157,3045.036964
633.234390,3026.312679
633.567564,2717.361964
633.900678,2928.010179
634.233732,2822.686071
634.566726,2897.583214
634.899660,2946.734464
635.232535,3246.323036
635.565349,3103.550357
635.898104,3056.739643
636.230799,3435.906429
636.563434,3857.202857
636.896009,3534.208929
637.228524,3475.695536
637.560979,3412.501071
637.893375,3625.489821
638.225710,3981.251250
638.557985,3805.711071
638.890200,3911.035179
639.222355,3801.030000
639.554450,3960.186429
639.886484,3955.505357
640.218459,4325.310000
640.550373,4322.969464
640.882228,4119.342857
641.214022,3873.586607
641.545756,3822.094821
641.877429,4283.180357
642.209043,3749.538214
642.540596,3688.684286
642.872089,3819.754286
643.203521,3665.278929
643.534894,3693.365357
643.866205,3915.716250
644.197457,3733.154464
644.528648,3953.164821
644.859779,4166.153571
645.190849,3899.332500
645.521859,4255.093929
645.852809,4112.321250
646.183698,4669.368750
646.514526,4128.705000
646.845294,3726.132857
647.176002,3803.370536
647.506648,3435.906429
647.837235,3410.160536
648.167761,3405.479464
648.498226,3267.387857
648.828630,3309.517500
649.158974,3077.804464
649.489257,3351.647143
649.819480,3588.041250
650.149641,3550.592679
650.479742,3889.970357
650.809783,4088.915893
651.139762,3840.819107
651.469681,4608.514821
651.799539,4755.968571
652.129336,5053.216607
652.459073,4718.520000
652.788748,5081.303036
653.118363,5039.173393
653.447916,4858.952143
653.777409,4856.611607
654.106841,4709.157857
654.436212,4491.488036
654.765522,4629.579643
655.094771,5203.010893
655.423958,4243.391250
655.753085,3779.965179
656.082151,3620.808750
656.411156,3573.998036
656.740100,3564.635893
657.068982,3911.035179
657.397803,4442.336786
657.726564,4009.337679
658.055263,4070.191607
658.383901,4461.061071
658.712478,4414.250357
659.040993,5041.513929
659.369447,4971.297857
659.697840,5720.269286
660.026172,5951.982321
660.354442,5666.436964
660.682652,5600.901964
661.010799,5659.415357
661.338886,5458.129286
661.666911,5633.669464
661.994874,5247.481071
662.322777,4947.892500
662.650617,4908.103393
662.978397,4683.411964
663.306115,4351.055893
663.633771,4273.818214
663.961366,3981.251250
664.288899,3740.176071
664.616371,3482.717143
664.943781,3421.863214
665.271130,3480.376607
665.598417,4222.326429
665.925642,3878.267679
666.252806,4222.326429
666.579908,4678.730893
666.906949,4849.590000
667.233927,5614.945179
667.560844,5064.919286
667.887700,5549.410179
668.214493,5636.010000
668.541225,5570.475000
668.867895,5666.436964
669.194503,5280.248571
669.521049,5071.940893
669.847534,4884.698036
670.173956,4156.791429
670.500317,4006.997143
670.826616,3845.500179
671.152852,3618.468214
671.479027,3389.095714
671.805140,3133.977321
672.131191,3323.560714
672.457180,2878.858929
672.783107,3243.982500
673.108972,2963.118214
673.434774,2747.788929
673.760515,2853.113036
674.086194,2766.513214
674.411810,3206.533929
674.737364,2871.837321
675.062856,3311.858036
675.388286,3213.555536
675.713654,3370.371429
676.038960,3597.403393
676.364203,3274.409464
676.689384,3426.544286
677.014503,3269.728393
677.339559,3478.036071
677.664554,3529.527857
677.989485,3550.592679
678.314355,3293.133750
678.639162,3309.517500
678.963907,2993.545179
679.288589,3045.036964
679.613209,3122.274643
679.937766,6511.370357
680.262261,3152.701607
680.586694,3052.058571
680.911064,2633.102679
681.235371,2696.297143
681.559616,2289.043929
681.883798,2726.724107
682.207918,2293.725000
682.531975,2181.379286
682.855970,2340.535714
683.179902,2190.741429
683.503771,2338.195179
683.827578,2340.535714
684.151322,2256.276429
684.475003,2420.113929
684.798621,2207.125179
685.122177,2506.713750
685.445670,2218.827857
685.769100,2197.763036
686.092467,2267.979107
686.415771,2129.887500
686.739013,2471.605714
687.062192,2258.616964
687.385308,2186.060357
687.708361,1905.196071
688.031351,2202.444107
688.354278,2249.254821
688.677142,1959.028393
688.999943,1891.152857
689.322681,2033.925536
689.645356,2071.374107
689.967968,2052.649821
690.290517,1767.104464
690.613003,1839.661071
690.935426,1741.358571
691.257786,1823.277321
691.580082,1849.023214
691.902315,1998.817500
692.224486,1888.812321
692.546593,1753.061250
692.868636,1891.152857
693.190617,1996.476964
693.512534,2675.232321
693.834388,1802.212500
694.156179,1816.255714
694.477907,1785.828750
694.799571,1886.471786
695.121172,2307.768214
695.442709,1933.282500
695.764183,1790.509821
696.085594,1699.228929
696.406941,1830.298929
696.728224,1776.466607
697.049445,1928.601429
697.370602,2157.973929
697.691695,2296.065536
698.012725,1874.769107
698.333691,2387.346429
698.654594,1968.390536
698.975433,2083.076786
699.296208,2359.260000
699.616920,1942.644643
699.937568,2403.730179
700.258153,1998.817500
700.578674,2314.789821
700.899131,2080.736250
701.219525,2335.854643
701.539854,2179.038750
701.860120,2146.271250
702.180323,2193.081964
702.500461,2017.541786
702.820536,3229.939286
703.140547,2296.065536
703.460494,2310.108750
703.780377,3265.047321
704.100196,4517.233929
704.419951,5902.831071
704.739643,7407.795536
705.059270,7819.729821
705.378834,8320.604464
705.698333,9448.742679
706.017769,9593.855893
706.337140,9626.623393
706.656448,10237.503214
706.975691,10237.503214
707.294871,9973.022679
707.613986,9795.141964
707.933037,8039.740179
708.252024,6752.445536
708.570947,10944.345000
708.889805,5153.859643
709.208600,4674.049821
709.527330,4037.424107
709.845996,3918.056786
710.164598,3248.663571
710.483136,2810.983393
710.801609,2551.183929
711.120018,2282.022321
711.438362,2651.826964
711.756643,2155.633393
712.074859,1907.536607
712.393010,1909.877143
712.711097,2239.892679
713.029120,2139.249643
713.347078,2104.141607
713.664972,1975.412143
713.982801,2246.914286
714.300566,2352.238393
714.618266,2001.158036
714.935902,2015.201250
715.253473,2019.882321
715.570980,2338.195179
715.888422,2106.482143
716.205800,2010.520179
716.523112,1956.687857
716.840361,2277.341250
717.157544,2012.860714
717.474663,1916.898750
717.791717,2001.158036
718.108706,2129.887500
718.425631,1856.044821
718.742491,1851.363750
719.059286,2275.000714
719.376016,1998.817500
719.692681,1963.709464
720.009282,1994.136429
720.325818,2265.638571
720.642289,1921.579821
720.958695,1860.725893
721.275036,1935.623036
721.591312,1905.196071
721.907523,1909.877143
722.223669,2179.038750
722.539750,2279.681786
722.855766,2129.887500
723.171718,2045.628214
723.487604,2218.827857
723.803425,2087.757857
724.119180,2546.502857
724.434871,2377.984286
724.750497,2380.324821
725.066057,2466.924643
725.381553,2647.145893
725.696983,2326.492500
726.012348,2593.313571
726.327648,3176.106964
726.642882,2810.983393
726.958051,2719.702500
727.273155,2670.551250
727.588194,2534.800179
727.903167,2722.043036
728.218075,2787.578036
728.532918,2675.232321
728.847695,2530.119107
729.162407,2462.243571
729.477053,2733.745714
729.791634,2310.108750
730.106150,2249.254821
730.420600,2209.465714
730.734985,2113.503750
731.049304,2094.779464
731.363557,2605.016250
731.677745,2457.562500
731.991867,2211.806250
732.305924,2246.914286
732.619915,2139.249643
732.933841,2239.892679
733.247701,2160.314464
733.561495,2122.865893
733.875224,2153.292857
734.188887,2242.233214
734.502484,2132.228036
734.816015,2633.102679
735.129481,2590.973036
735.442881,2757.151071
735.756215,2253.935893
736.069483,2275.000714
736.382686,2651.826964
736.695822,2410.751786
737.008893,2429.476071
737.321898,2516.075893
737.634836,2546.502857
737.947709,2228.190000
738.260516,2441.178750
738.573257,2197.763036
738.885932,2146.271250
739.198541,2209.465714
739.511084,2569.908214
739.823561,2298.406071
740.135972,2122.865893
740.448317,1982.433750
740.760596,1959.028393
741.072808,1846.682679
741.384955,1902.855536
741.697035,1827.958393
742.009049,2235.211607
742.320997,2291.384464
742.632878,1907.536607
742.944694,2424.795000
743.256443,2349.897857
743.568126,2099.460536
743.879742,2275.000714
744.191292,2172.017143
744.502776,2244.573750
744.814194,2562.886607
745.125545,2560.546071
745.436830,2483.308393
745.748048,2326.492500
746.059200,2541.821786
746.370286,2558.205536
746.681305,2595.654107
746.992257,2956.096607
747.303143,2675.232321
747.613963,2920.988571
747.924716,2970.139821
748.235402,2890.561607
748.546022,3101.209821
748.856575,2991.204643
749.167061,2761.832143
749.477481,2808.642857
749.787835,2822.686071
750.098121,2752.470000
750.408341,2911.626429
750.718494,3236.960893
751.028581,2576.929821
751.338600,2593.313571
751.648553,2436.497679
751.958439,2544.162321
752.268259,2684.594464
752.578011,2406.070714
752.887697,2321.811429
753.197315,2282.022321
753.506867,2588.632500
753.816352,2113.503750
754.125770,2244.573750
754.435121,2120.525357
754.744405,1975.412143
755.053622,1928.601429
755.362772,2029.244464
755.671855,2204.784643
755.980871,1963.709464
756.289820,2001.158036
756.598702,2200.103571
756.907517,2506.713750
757.216264,1998.817500
757.524945,2134.568571
757.833558,2115.844286
758.142104,2504.373214
758.450583,2548.843393
758.758995,2380.324821
759.067340,2558.205536
759.375617,2359.260000
759.683827,2644.805357
759.991969,2403.730179
760.300045,2562.886607
760.608053,2228.190000
760.915994,2527.778571
761.223867,2495.011071
761.531673,2424.795000
761.839411,2317.130357
762.147082,2609.697321
762.454686,2417.773393
762.762222,2406.070714
763.069691,2162.655000
763.377092,2195.422500
763.684426,2335.854643
763.991692,2483.308393
764.298890,2253.935893
764.606021,2127.546964
764.913085,2249.254821
765.220080,2172.017143
765.527009,2406.070714
765.833869,1996.476964
766.140662,2207.125179
766.447387,2300.746607
766.754044,1966.050000
767.060634,2132.228036
767.367156,2296.065536
767.673610,2134.568571
767.979996,2015.201250
768.286315,2097.120000
768.592565,2328.833036
768.898748,2361.600536
769.204863,2448.200357
769.510910,2576.929821
769.816889,2413.092321
770.122801,2497.351607
770.428644,2490.330000
770.734419,2576.929821
771.040127,2935.031786
771.345766,2881.199464
771.651337,2995.885714
771.956841,2785.237500
772.262276,2920.988571
772.567643,2925.669643
772.872942,2813.323929
773.178173,2822.686071
773.483336,2888.221071
773.788430,3229.939286
774.093457,3304.836429
774.398415,4063.170000
774.703305,4557.023036
775.008127,5673.458571
775.312881,6431.792143
775.617566,7016.926071
775.922183,7513.119643
776.226732,8945.527500
776.531212,8938.505893
776.835624,9680.455714
777.139968,9516.618214
777.444243,9572.791071
777.748450,9881.741786
778.052588,10178.989821
778.356658,9146.813571
778.660660,8423.588036
778.964593,7585.676250
779.268457,6958.412679
779.572253,6785.213036
779.875981,6188.376429
780.179640,5696.863929
780.483230,5577.496607
780.786752,4865.973750
781.090205,4491.488036
781.393590,3875.927143
781.696906,3314.198571
782.000153,2787.578036
782.303331,2537.140714
782.606441,2190.741429
782.909482,2026.903929
783.212454,1968.390536
783.515358,2047.968750
783.818193,1776.466607
784.120959,1806.893571
784.423656,1860.725893
784.726284,1902.855536
785.028843,2024.563393
785.331334,2073.714643
785.633756,1947.325714
785.936108,2092.438929
786.238392,1563.477857
786.540607,2001.158036
786.842753,2221.168393
787.144830,1839.661071
787.446837,1806.893571
787.748776,1551.775179
788.050646,1937.963571
788.352447,1706.250536
788.654178,1865.406964
788.955841,2443.519286
789.257434,1806.893571
789.558958,1647.737143
789.860413,1652.418214
790.161799,1551.775179
790.463115,1507.305000
790.764363,1813.915179
791.065541,1799.871964
791.366650,1483.899643
791.667689,1741.358571
791.968659,1603.266964
792.269560,2338.195179
792.570392,2017.541786
792.871154,1827.958393
793.171847,1764.763929
793.472470,1952.006786
793.773025,1673.483036
794.073509,1736.677500
794.373924,1680.504643
794.674270,1767.104464
794.974546,2218.827857
795.274753,1741.358571
795.574890,1762.423393
795.874957,1844.342143
796.174955,1593.904821
796.474884,1755.401786
796.774742,1905.196071
797.074532,1652.418214
797.374251,1523.688750
797.673901,1736.677500
797.973481,1870.088036
798.272991,1799.871964
798.572432,1839.661071
798.871803,1699.228929
799.171104,1654.758750
799.470336,1509.645536
799.769497,1825.617857
800.068589,1689.866786
800.367611,1898.174464
800.666563,1547.094107
800.965445,1678.164107
801.264258,1558.796786
801.563000,1486.240179
801.861673,1586.883214
802.160275,1884.131250
802.458808,1781.147679
802.757270,2019.882321
803.055663,1844.342143
803.353985,1598.585893
803.652237,2038.606607
803.950420,1849.023214
804.248532,1682.845179
804.546574,1640.715536
804.844546,1781.147679
805.142448,1802.212500
805.440280,1687.526250
805.738041,1802.212500
806.035733,1984.774286
806.333354,1928.601429
806.630905,1685.185714
806.928385,1668.801964
807.225796,1853.704286
807.523136,1783.488214
807.820405,1888.812321
808.117605,1654.758750
808.414734,1837.320536
808.711792,1870.088036
809.008781,1900.515000
809.305698,2054.990357
809.602546,1687.526250
809.899323,1600.926429
810.196029,1652.418214
810.492665,1708.591071
810.789231,1867.747500
811.085725,1923.920357
811.382150,1549.434643
811.678504,1774.126071
811.974787,2141.590179
812.270999,1846.682679
812.567141,1671.142500
812.863213,1652.418214
813.159213,1708.591071
813.455143,1783.488214
813.751003,1661.780357
814.046791,1659.439821
814.342509,1853.704286
814.638156,1699.228929
814.933732,1940.304107
815.229238,1694.547857
815.524672,1926.260893
815.820036,1813.915179
816.115329,1533.050893
816.410551,1923.920357
816.705703,2043.287679
817.000783,1666.461429
817.295792,1643.056071
817.590731,1736.677500
817.885598,1570.499464
818.180394,1638.375000
818.475120,1528.369821
818.769774,1577.521071
819.064358,1750.720714
819.358870,1680.504643
819.653311,1636.034464
819.947681,1549.434643
820.241980,1935.623036
820.536208,2183.719821
820.830365,1830.298929
821.124450,1652.418214
821.418464,1558.796786
821.712407,1956.687857
822.006279,1570.499464
822.300080,1458.153750
822.593809,1757.742321
822.887467,1631.353393
823.181054,1434.748393
823.474569,1970.731071
823.768013,1575.180536
824.061386,1706.250536
824.354687,1451.132143
824.647917,1692.207321
824.941075,1671.142500
825.234162,1504.964464
825.527178,1673.483036
825.820122,1607.948036
826.112994,1682.845179
826.405795,1757.742321
826.698524,1926.260893
826.991182,1654.758750
827.283768,1998.817500
827.576283,1596.245357
827.868726,1430.067321
828.161097,1551.775179
828.453397,1682.845179
828.745625,1544.753571
829.037781,2134.568571
829.329866,1577.521071
829.621879,1631.353393
829.913820,1673.483036
830.205689,1820.936786
830.497487,1437.088929
830.789213,1736.677500
831.080867,1612.629107
831.372449,1863.066429
831.663959,1530.710357
831.955397,1865.406964
832.246764,1598.585893
832.538058,1678.164107
832.829281,1671.142500
833.120431,1540.072500
833.411510,1586.883214
833.702516,1720.293750
833.993451,1715.612679
834.284313,1727.315357
834.575104,2204.784643
834.865822,1701.569464
835.156468,1479.218571
835.447042,1907.536607
835.737544,1741.358571
836.027974,1423.045714
836.318332,1490.921250
836.608617,1643.056071
836.898830,1434.748393
837.188971,1598.585893
837.479040,1778.807143
837.769037,1540.072500
838.058961,1722.634286
838.348813,1699.228929
838.638592,1558.796786
838.928299,1596.245357
839.217934,1678.164107
839.507497,1507.305000
839.796987,1750.720714
840.086404,1664.120893
840.375749,2073.714643
840.665022,1537.731964
840.954222,1603.266964
841.243350,1671.142500
841.532405,1556.456250
841.821388,1638.375000
842.110298,1607.948036
842.399135,1579.861607
842.687900,1661.780357
842.976593,1607.948036
843.265212,1724.974821
843.553759,1966.050000
843.842233,1832.639464
844.130635,1944.985179
844.418964,1668.801964
844.707220,1912.217679
844.995404,1830.298929
845.283514,2176.698214
845.571552,2225.849464
845.859517,1956.687857
846.147409,2127.546964
846.435229,2249.254821
846.722975,2427.135536
847.010649,1982.433750
847.298249,2038.606607
847.585777,2017.541786
847.873232,2195.422500
848.160614,2064.352500
848.447923,1825.617857
848.735159,1991.795893
849.022322,1863.066429
849.309411,1769.445000
849.596428,1954.347321
849.883372,2190.741429
850.170242,1928.601429
850.457040,1544.753571
850.743764,1722.634286
851.030415,1572.840000
851.316993,1633.693929
851.603498,1586.883214
851.889930,1640.715536
852.176288,2066.693036
852.462573,1696.888393
852.748785,1825.617857
853.034924,1593.904821
853.320989,1535.391429
853.606981,1837.320536
853.892900,1703.910000
854.178745,1743.699107
854.464517,1547.094107
854.750215,1614.969643
855.035840,1937.963571
855.321392,1554.115714
855.606870,2106.482143
855.892275,1519.007679
856.177606,1607.948036
856.462863,1533.050893
856.748047,1612.629107
857.033158,1526.029286
857.318195,1795.190893
857.603158,1582.202143
857.888048,1495.602321
858.172864,1727.315357
858.457606,1884.131250
858.742275,2317.130357
859.026870,1558.796786
859.311392,1612.629107
859.595839,1521.348214
859.880213,2480.967857
860.164513,1523.688750
860.448740,1699.228929
860.732892,1570.499464
861.016971,1481.559107
861.300976,1727.315357
861.584907,1952.006786
861.868764,1893.493393
862.152547,1530.710357
862.436257,1472.196964
862.719892,1687.526250
863.003453,1561.137321
863.286941,1811.574643
863.570354,2038.606607
863.853694,1865.406964
864.136959,1849.023214
864.420150,1994.136429
864.703268,1692.207321
864.986311,1739.018036
865.269280,1593.904821
865.552175,1460.494286
865.834996,1886.471786
866.117742,1516.667143
866.400415,1544.753571
866.683013,1596.245357
866.965537,1762.423393
867.247986,1820.936786
867.530362,1739.018036
867.812663,1486.240179
868.094890,1809.234107
868.377043,1568.158929
868.659121,1816.255714
868.941125,1514.326607
869.223054,1607.948036
869.504909,2045.628214
869.786690,1853.704286
870.068396,2211.806250
870.350028,1556.456250
870.631585,1610.288571
870.913068,1750.720714
871.194476,1724.974821
871.475810,1886.471786
871.757069,1481.559107
872.038254,1860.725893
872.319364,1860.725893
872.600399,1603.266964
872.881360,1919.239286
873.162246,1699.228929
873.443058,1682.845179
873.723794,1565.818393
874.004456,1879.450179
874.285044,1621.991250
874.565556,1867.747500
874.845994,1750.720714
875.126357,1764.763929
875.406646,1652.418214
875.686859,1451.132143
